0.00421533 0.0843066 144720
0.0168596 0.16858 144720
0.0379296 0.252819 144720
0.0674218 0.337024 144720
0.105333 0.421195 144720
0.151659 0.50533 144720
0.206397 0.58943 144720
0.269543 0.673494 144720
0.341094 0.757522 144720
0.421046 0.841514 144720
0.509395 0.925468 144720
0.606138 1.00939 144720
0.71127 1.09326 144720
0.824789 1.17711 144720
0.946689 1.26091 144720
1.07697 1.34467 144720
1.21562 1.4284 144720
1.36265 1.51208 144720
1.51804 1.59572 144720
1.68179 1.67933 144720
1.8539 1.76289 144720
2.03436 1.84641 144720
2.22318 1.92989 144720
2.42034 2.01333 144720
2.62584 2.09672 144720
2.83968 2.18008 144720
3.06186 2.26339 144720
3.29236 2.34665 144720
3.53118 2.42987 144720
3.77833 2.51305 144720
4.03379 2.59618 144720
4.29756 2.67927 144720
4.56964 2.76231 144720
4.85002 2.84531 144720
5.1387 2.92826 144720
5.43567 3.01116 144720
5.74093 3.09402 144720
6.05447 3.17682 144720
6.37629 3.25959 144720
6.70639 3.3423 144720
7.04475 3.42496 144720
7.39138 3.50758 144720
7.74626 3.59014 144720
8.10941 3.67266 144720
8.48079 3.75513 144720
8.86043 3.83754 144720
9.2483 3.91991 144720
9.64441 4.00222 144720
10.0487 4.08449 144720
10.4613 4.1667 144720
10.8821 4.24886 144720
11.3111 4.33096 144720
11.7483 4.41302 144720
12.1937 4.49502 144720
12.6473 4.57696 144720
13.1091 4.65886 144720
13.579 4.7407 144720
14.0572 4.82248 144720
14.5435 4.90421 144720
15.038 4.98588 144720
15.5407 5.0675 144720
16.0515 5.14906 144720
16.5705 5.23057 144720
17.0976 5.31202 144720
17.6329 5.39341 144720
18.1763 5.47474 144720
18.7279 5.55602 144720
19.2875 5.63724 144720
19.8553 5.7184 144720
20.4312 5.7995 144720
21.0152 5.88054 144720
21.6073 5.96152 144720
22.2075 6.04244 144720
22.8158 6.1233 144720
23.4322 6.20411 144720
24.0538 6.22827 53749.9
24.6731 6.1588 -96794.5
25.2891 6.16106 18461.1
25.9018 6.09161 -96830.5
26.5118 6.10953 43568.8
27.1193 6.04009 -96881.2
27.7202 5.97867 -84085.1
28.3218 6.05352 134984
28.9241 5.99202 -84186.2
29.5264 6.05342 113369
30.1287 5.99192 -84185.3
30.7305 6.04527 100410
31.332 5.98377 -84193.8
31.9328 6.03229 92645.3
32.5329 5.97079 -84207.9
33.1271 5.91292 -78453.6
33.7225 5.99387 144720
34.32 5.95772 -43507.2
34.9196 6.0329 135489
35.5198 5.9714 -84209.2
36.12 6.03302 113692
36.7202 5.97152 -84208.1
37.3201 6.02501 100613
37.9195 5.96351 -84216.4
38.513 5.9075 -75468
39.1078 5.98846 144720
39.705 5.95509 -39032.3
40.3043 6.03139 137280
40.9044 5.96989 -84211
41.5045 6.03218 114768
42.1046 5.97068 -84209.1
42.7044 6.02456 101258
43.3038 5.96307 -84216.9
43.8973 5.90721 -75226.2
44.4921 5.98817 144720
45.0892 5.95502 -38669.9
45.6885 6.03141 137425
46.2886 5.96991 -84211
46.8887 6.03226 114855
47.4889 5.97076 -84209
48.0886 6.02468 101311
48.688 5.96318 -84216.8
49.2816 5.90733 -75206.7
49.8763 5.98829 144720
50.4735 5.95516 -38640.6
51.0729 6.03156 137436
51.6729 5.97006 -84210.8
52.2731 6.03241 114862
52.8732 5.97091 -84208.8
53.473 6.02483 101315
54.0724 5.96333 -84216.6
54.666 5.90749 -75205.1
55.2608 5.98845 144720
55.8579 5.95532 -38638.2
56.4573 6.03172 137437
57.0574 5.97022 -84210.6
57.6575 6.03257 114862
58.2577 5.97107 -84208.6
58.8575 6.02499 101315
59.4569 5.96349 -84216.4
60.0505 5.90764 -75205
60.6453 5.98861 144720
61.2425 5.95548 -38638.1
61.8419 6.03188 137437
62.442 5.97038 -84210.4
63.0421 6.03272 114862
63.6423 5.97122 -84208.5
64.2422 6.02515 101315
64.8416 5.96365 -84216.3
65.4352 5.9078 -75205
66.03 5.98876 144720
66.6272 5.95564 -38638.1
67.2266 6.03203 137437
67.8267 5.97053 -84210.3
68.4269 6.03288 114862
69.0271 5.97138 -84208.3
69.627 6.0253 101315
70.2264 5.9638 -84216.1
70.82 5.90796 -75205
71.4148 5.98892 144720
72.0121 5.95579 -38638.1
72.6115 6.03219 137437
73.2116 5.97069 -84210.1
73.8118 6.03304 114862
74.412 5.97154 -84208.1
75.0119 6.02546 101314
75.6114 5.96396 -84215.9
76.205 5.90811 -75205
76.7998 5.98907 144720
77.3971 5.95595 -38638.1
77.9965 6.03234 137437
78.5966 5.97084 -84209.9
79.1968 6.03319 114861
79.7971 5.97169 -84207.9
80.397 6.02561 101314
80.9964 5.96411 -84215.7
81.5901 5.90826 -75205
82.1849 5.98923 144720
82.7822 5.9561 -38638.2
83.3816 6.0325 137437
83.9818 5.971 -84209.7
84.582 6.03334 114861
85.1823 5.97184 -84207.8
85.7822 6.02576 101314
86.3817 5.96427 -84215.6
86.9753 5.90842 -75205.1
87.5702 5.98938 144720
88.1675 5.95625 -38638.2
88.7669 6.03265 137436
89.3671 5.97115 -84209.6
89.9673 6.0335 114861
90.5676 5.972 -84207.6
91.1675 6.02592 101314
91.767 5.96442 -84215.4
92.3607 5.90857 -75205.1
92.9556 5.98953 144720
93.5529 5.9564 -38638.2
94.1523 6.0328 137436
94.7525 5.9713 -84209.4
95.3528 6.03365 114861
95.9531 5.97215 -84207.4
96.553 6.02607 101314
97.1525 5.96457 -84215.2
97.7462 5.90872 -75205.1
98.3411 5.98968 144720
98.9384 5.95655 -38638.3
99.5379 6.03295 137436
100.138 5.97145 -84209.2
100.738 6.0338 114861
101.339 5.9723 -84207.3
101.939 6.02622 101314
102.538 5.96472 -84215.1
103.132 5.90887 -75205.1
103.727 5.98983 144720
104.324 5.9567 -38638.3
104.924 6.0331 137436
105.524 5.9716 -84209.1
106.124 6.03395 114861
106.724 5.97245 -84207.1
107.324 6.02637 101313
107.924 5.96487 -84214.9
108.518 5.90902 -75205.1
109.113 5.98998 144720
109.71 5.95685 -38638.3
110.309 6.03325 137436
110.91 5.97175 -84208.9
111.51 6.03409 114860
112.11 5.9726 -84206.9
112.71 6.02651 101313
113.31 5.96502 -84214.7
113.904 5.90917 -75205.1
114.498 5.99013 144720
115.096 5.957 -38638.3
115.695 6.0334 137436
116.296 5.9719 -84208.7
116.896 6.03424 114860
117.496 5.97274 -84206.8
118.096 6.02666 101313
118.696 5.96516 -84214.6
119.29 5.90931 -75205.2
119.885 5.99027 144720
120.482 5.95715 -38638.4
121.081 6.03354 137436
121.682 5.97204 -84208.6
122.282 6.03439 114860
122.882 5.97289 -84206.6
123.482 6.02681 101313
124.082 5.96531 -84214.4
124.676 5.90946 -75205.2
125.271 5.99042 144720
125.868 5.95729 -38638.4
126.468 6.03369 137435
127.068 5.97219 -84208.4
127.668 6.03453 114860
128.269 5.97303 -84206.4
128.869 6.02695 101313
129.468 5.96545 -84214.2
130.062 5.9096 -75205.2
130.657 5.99057 144720
131.254 5.95744 -38638.4
131.854 6.03383 137435
132.454 5.97233 -84208.3
133.055 6.03468 114860
133.655 5.97318 -84206.3
134.255 6.0271 101313
134.855 5.9656 -84214.1
135.448 5.90975 -75205.2
136.044 5.99071 144720
136.641 5.95758 -38638.4
137.241 6.03398 137435
137.841 5.97248 -84208.1
138.441 6.03482 114860
139.042 5.97332 -84206.1
139.642 6.02724 101312
140.241 5.96574 -84213.9
140.835 5.90989 -75205.2
141.43 5.99085 144720
142.028 5.95772 -38638.5
142.627 6.03412 137435
143.227 5.97262 -84207.9
143.828 6.03496 114860
144.428 5.97346 -84206
145.028 6.02738 101312
145.628 5.96588 -84213.8
146.222 5.91003 -75205.2
146.817 5.99099 144720
147.414 5.95787 -38638.5
148.014 6.03426 137435
148.614 5.97276 -84207.8
149.215 6.0351 114859
149.815 5.97361 -84205.8
150.415 6.02752 101312
151.015 5.96603 -84213.6
151.609 5.91017 -75205.2
152.204 5.99113 144720
152.801 5.95801 -38638.5
153.401 6.0344 137435
154.001 5.9729 -84207.6
154.602 6.03524 114859
155.202 5.97375 -84205.7
155.802 6.02766 101312
156.402 5.96617 -84213.5
156.996 5.91031 -75205.3
157.584 5.86219 -62853.1
158.169 5.84063 -20189
158.753 5.8324 1219.17
159.338 5.8688 72981
159.928 5.92727 108511
160.523 5.98632 109496
161.126 6.06722 144720
161.737 6.14806 144720
162.356 6.22885 144720
162.983 6.30957 144720
163.618 6.39023 144720
164.257 6.39772 27162.9
164.901 6.47831 144720
165.553 6.55885 144720
166.213 6.63931 144720
166.881 6.71972 144720
167.557 6.80006 144720
168.241 6.88034 144720
168.933 6.96056 144720
169.633 7.04071 144720
170.341 7.1208 144720
171.056 7.17494 103092
171.77 7.1048 -96674
172.476 7.03105 -102561
173.176 6.95261 -110210
173.867 6.87073 -115837
174.55 6.78641 -119863
175.224 6.70133 -121200
175.89 6.6156 -122350
176.547 6.52797 -125514
177.195 6.43869 -128280
177.835 6.34798 -130684
178.465 6.25737 -130634
179.086 6.16751 -129536
179.698 6.07764 -129671
180.302 5.98775 -129801
180.896 5.89786 -129928
181.481 5.80795 -130052
182.058 5.71733 -131304
182.625 5.62539 -133527
183.183 5.53232 -135454
183.731 5.43828 -137123
184.27 5.34341 -138569
184.8 5.24782 -139823
185.32 5.15163 -140909
185.83 5.05492 -141851
186.331 4.95776 -142667
186.822 4.86154 -141278
187.303 4.76613 -140075
187.775 4.67013 -141128
188.237 4.57363 -142040
188.69 4.4767 -142831
189.132 4.37941 -143516
189.565 4.28181 -144110
189.989 4.18395 -144624
190.402 4.0859 -145053
190.806 3.98828 -144436
191.2 3.89196 -142465
191.584 3.79733 -139836
191.959 3.70364 -138412
192.325 3.60961 -139056
192.681 3.5167 -137352
193.028 3.42484 -135741
193.366 3.33213 -137207
193.695 3.23858 -138643
194.014 3.14431 -139887
194.324 3.04942 -140965
194.624 2.95401 -141899
194.914 2.85815 -142708
195.195 2.76191 -143410
195.467 2.66534 -144018
195.729 2.56858 -144422
195.981 2.47165 -144773
196.223 2.3745 -145199
196.455 2.27718 -145568
196.678 2.17971 -145888
196.891 2.08212 -146165
197.095 1.98444 -146405
197.288 1.88667 -146614
197.472 1.78884 -146794
197.646 1.69096 -146950
197.81 1.59305 -147086
197.965 1.49511 -147203
198.109 1.39715 -147305
198.244 1.29919 -147393
198.369 1.20122 -147469
198.484 1.10326 -147535
198.59 1.0051 -147936
