0.00421533 0.0843066 144720
0.0168596 0.16858 144720
0.0379296 0.252819 144720
0.0674218 0.337024 144720
0.105333 0.421195 144720
0.151659 0.50533 144720
0.206397 0.58943 144720
0.269543 0.673494 144720
0.341094 0.757522 144720
0.421046 0.841514 144720
0.509395 0.925468 144720
0.606138 1.00939 144720
0.71127 1.09326 144720
0.824789 1.17711 144720
0.946689 1.26091 144720
1.07697 1.34467 144720
1.21562 1.4284 144720
1.36265 1.51208 144720
1.51804 1.59572 144720
1.68179 1.67933 144720
1.8539 1.76289 144720
2.03436 1.84641 144720
2.22318 1.92989 144720
2.42034 2.01333 144720
2.62584 2.09672 144720
2.83968 2.18008 144720
3.06186 2.26339 144720
3.29236 2.34665 144720
3.53118 2.42987 144720
3.77833 2.51305 144720
4.03379 2.59618 144720
4.29756 2.67927 144720
4.56964 2.76231 144720
4.85002 2.84531 144720
5.1387 2.92826 144720
5.43567 3.01116 144720
5.74093 3.09402 144720
6.05447 3.17682 144720
6.37629 3.25959 144720
6.70639 3.3423 144720
7.04475 3.42496 144720
7.39138 3.50758 144720
7.74626 3.59014 144720
8.10941 3.67266 144720
8.48079 3.75513 144720
8.86043 3.83754 144720
9.2483 3.91991 144720
9.64441 4.00222 144720
10.0487 4.08449 144720
10.4613 4.1667 144720
10.8821 4.24886 144720
11.3111 4.33096 144720
11.7483 4.41302 144720
12.1937 4.49502 144720
12.6473 4.57696 144720
13.1091 4.65886 144720
13.579 4.7407 144720
14.0572 4.82248 144720
14.5435 4.90421 144720
15.038 4.98588 144720
15.5407 5.0675 144720
16.0515 5.14906 144720
16.5705 5.23057 144720
17.0976 5.31202 144720
17.6329 5.39341 144720
18.1763 5.47474 144720
18.7279 5.55602 144720
19.2875 5.63724 144720
19.8553 5.7184 144720
20.4312 5.7995 144720
21.0152 5.88054 144720
21.6073 5.96152 144720
22.2075 6.04244 144720
22.8067 5.9413 -147936
23.4049 6.02224 144720
24.002 5.92112 -147936
24.5982 6.00207 144720
25.1933 5.90096 -147936
25.7875 5.98193 144720
26.3897 6.06284 144720
26.991 5.96168 -147936
27.5912 6.04261 144720
28.1904 5.94147 -147936
28.7886 6.02241 144720
29.3858 5.92128 -147936
29.9819 6.00224 144720
30.5771 5.90113 -147936
31.1713 5.98209 144720
31.7735 6.063 144720
32.3748 5.96185 -147936
32.975 6.04277 144720
33.5742 5.94163 -147936
34.1724 6.02257 144720
34.7696 5.92145 -147936
35.3658 6.0024 144720
35.961 5.90129 -147936
36.5552 5.98226 144720
37.1574 6.06316 144720
37.7587 5.96201 -147936
38.3589 6.04293 144720
38.9582 5.94179 -147936
39.5564 6.02273 144720
40.1536 5.92161 -147936
40.7498 6.00256 144720
41.345 5.90145 -147936
41.9392 5.98242 144720
42.5415 6.06333 144720
43.1428 5.96217 -147936
43.7431 6.04309 144720
44.3423 5.94196 -147936
44.9405 6.02289 144720
45.5378 5.92177 -147936
46.134 6.00272 144720
46.7292 5.90161 -147936
47.3234 5.98258 144720
47.9257 6.06349 144720
48.527 5.96233 -147936
49.1273 6.04325 144720
49.7266 5.94212 -147936
50.3248 6.02305 144720
50.9221 5.92193 -147936
51.5183 6.00288 144720
52.1136 5.90177 -147936
52.7078 5.98274 144720
53.3101 6.06365 144720
53.9114 5.96249 -147936
54.5117 6.04341 144720
55.111 5.94227 -147936
55.7093 6.02321 144720
56.3065 5.92209 -147936
56.9028 6.00304 144720
57.498 5.90193 -147936
58.0923 5.9829 144720
58.6946 6.0638 144720
59.2959 5.96265 -147936
59.8962 6.04357 144720
60.4955 5.94243 -147936
61.0938 6.02337 144720
61.6911 5.92225 -147936
62.2874 6.0032 144720
62.8826 5.90209 -147936
63.4769 5.98305 144720
64.0793 6.06396 144720
64.6806 5.96281 -147936
65.2809 6.04373 144720
65.8802 5.94259 -147936
66.4785 6.02353 144720
67.0758 5.9224 -147936
67.6721 6.00335 144720
68.2674 5.90224 -147936
68.8617 5.98321 144720
69.464 6.06412 144720
70.0654 5.96296 -147936
70.6657 6.04388 144720
71.2651 5.94275 -147936
71.8634 6.02368 144720
72.4607 5.92256 -147936
73.057 6.00351 144720
73.6523 5.9024 -147936
74.2466 5.98337 144720
74.849 6.06427 144720
75.4503 5.96312 -147936
76.0507 6.04404 144720
76.6501 5.9429 -147936
77.2484 6.02384 144720
77.8457 5.92271 -147936
78.442 6.00366 144720
79.0373 5.90255 -147936
79.6316 5.98352 144720
80.234 6.06443 144720
80.8354 5.96327 -147936
81.4358 6.04419 144720
82.0352 5.94305 -147936
82.6335 6.02399 144720
83.2309 5.92287 -147936
83.8272 6.00382 144720
84.4225 5.90271 -147936
85.0168 5.98367 144720
85.6193 6.06458 144720
86.2207 5.96342 -147936
86.821 6.04435 144720
87.4204 5.94321 -147936
88.0188 6.02414 144720
88.6161 5.92302 -147936
89.2125 6.00397 144720
89.8078 5.90286 -147936
90.4022 5.98383 144720
91.0046 6.06473 144720
91.606 5.96358 -147936
92.2064 6.0445 144720
92.8058 5.94336 -147936
93.4042 6.02429 144720
94.0016 5.92317 -147936
94.5979 6.00412 144720
95.1933 5.90301 -147936
95.7876 5.98398 144720
96.3901 6.06488 144720
96.9915 5.96373 -147936
97.5919 6.04465 144720
98.1913 5.94351 -147936
98.7897 6.02444 144720
99.3871 5.92332 -147936
99.9835 6.00427 144720
100.579 5.90316 -147936
101.173 5.98413 144720
101.776 6.06503 144720
102.377 5.96388 -147936
102.978 6.0448 144720
103.577 5.94366 -147936
104.175 6.02459 144720
104.773 5.92347 -147936
105.369 6.00442 144720
105.965 5.90331 -147936
106.559 5.98428 144720
107.161 6.06518 144720
107.763 5.96403 -147936
108.363 6.04495 144720
108.963 5.94381 -147936
109.561 6.02474 144720
110.159 5.92362 -147936
110.755 6.00457 144720
111.35 5.90346 -147936
111.945 5.98442 144720
112.547 6.06533 144720
113.149 5.96417 -147936
113.749 6.04509 144720
114.349 5.94395 -147936
114.947 6.02489 144720
115.545 5.92377 -147936
116.141 6.00472 144720
116.736 5.90361 -147936
117.331 5.98457 144720
117.933 6.06548 144720
118.535 5.96432 -147936
119.135 6.04524 144720
119.735 5.9441 -147936
120.333 6.02504 144720
120.931 5.92391 -147936
121.527 6.00486 144720
122.123 5.90375 -147936
122.717 5.98472 144720
123.319 6.06562 144720
123.921 5.96447 -147936
124.521 6.04539 144720
125.121 5.94425 -147936
125.719 6.02518 144720
126.317 5.92406 -147936
126.913 6.00501 144720
127.509 5.9039 -147936
128.103 5.98486 144720
128.706 6.06577 144720
129.307 5.96461 -147936
129.908 6.04553 144720
130.507 5.94439 -147936
131.106 6.02533 144720
131.703 5.9242 -147936
132.3 6.00515 144720
132.895 5.90404 -147936
133.49 5.98501 144720
134.092 6.06591 144720
134.694 5.96476 -147936
135.294 6.04568 144720
135.894 5.94454 -147936
136.492 6.02547 144720
137.09 5.92435 -147936
137.686 6.0053 144720
138.282 5.90419 -147936
138.876 5.98515 144720
139.479 6.06605 144720
140.08 5.9649 -147936
140.681 6.04582 144720
141.28 5.94468 -147936
141.879 6.02561 144720
142.476 5.92449 -147936
143.073 6.00544 144720
143.668 5.90433 -147936
144.263 5.98529 144720
144.865 6.0662 144720
145.467 5.96504 -147936
146.068 6.04596 144720
146.667 5.94482 -147936
147.266 6.02576 144720
147.863 5.92463 -147936
148.46 6.00558 144720
149.055 5.90447 -147936
149.65 5.98543 144720
150.252 6.06634 144720
150.854 5.96518 -147936
151.454 6.0461 144720
152.054 5.94496 -147936
152.652 6.0259 144720
153.25 5.92477 -147936
153.846 6.00572 144720
154.442 5.90461 -147936
155.037 5.98557 144720
155.639 6.06648 144720
156.241 5.96532 -147936
156.841 6.04624 144720
157.441 5.9451 -147936
158.039 6.02604 144720
158.637 5.92491 -147936
159.233 6.00586 144720
159.829 5.90475 -147936
160.424 5.98571 144720
161.026 6.06662 144720
161.637 6.14746 144720
162.256 6.22825 144720
162.883 6.30897 144720
163.517 6.38963 144720
164.16 6.47023 144720
164.811 6.55077 144720
165.471 6.63124 144720
166.138 6.71165 144720
166.813 6.792 144720
167.496 6.87229 144720
168.187 6.95251 144720
168.886 7.02967 139890
169.59 7.04456 39870.7
170.296 7.06275 45196.7
171.002 7.06658 22111.5
171.707 7.02683 -47945.1
172.408 6.99223 -39717.1
173.105 6.94891 -53780
173.797 6.89674 -68060.9
174.484 6.83555 -82645.5
175.164 6.76504 -97699.7
175.836 6.68469 -113625
176.5 6.58899 -138406
177.154 6.48874 -145844
177.798 6.38916 -144884
178.431 6.28898 -145965
179.055 6.18885 -146025
179.67 6.10888 -113712
180.276 6.00898 -145873
180.872 5.90895 -146189
181.458 5.80897 -146245
182.034 5.70902 -146301
182.601 5.62905 -114287
183.159 5.53908 -130472
183.709 5.44911 -130571
184.249 5.35914 -130675
184.78 5.26916 -130779
185.303 5.17919 -130881
185.816 5.07868 -147936
186.319 4.97823 -147936
186.811 4.87785 -147936
187.294 4.77754 -147936
187.767 4.6773 -147936
188.23 4.57713 -147936
188.682 4.47702 -147936
189.125 4.37698 -147936
189.558 4.27701 -147936
189.981 4.19662 -116536
190.396 4.09676 -147936
190.801 3.99696 -147936
191.195 3.89723 -147936
191.58 3.79756 -147936
191.955 3.69795 -147936
192.32 3.5984 -147936
192.675 3.49891 -147936
193.02 3.39964 -147679
193.355 3.30948 -133135
193.682 3.22371 -126151
194 3.14223 -119334
194.31 3.04861 -138938
194.609 2.94973 -147474
194.901 2.87728 -105059
195.184 2.77976 -145456
195.457 2.68075 -147936
195.72 2.58179 -147936
195.973 2.48288 -147936
196.216 2.38403 -147936
196.45 2.28523 -147936
196.673 2.18649 -147936
196.887 2.08779 -147936
197.091 1.98915 -147936
197.285 1.89169 -146110
197.469 1.79315 -147936
197.644 1.69465 -147936
197.808 1.59621 -147936
197.963 1.49781 -147936
198.108 1.39946 -147936
198.243 1.30116 -147936
198.368 1.20291 -147936
198.483 1.1047 -147936
198.589 1.00653 -147936
198.685 0.908414 -147936
198.771 0.810338 -147936
198.847 0.712306 -147936
198.913 0.614318 -147936
198.97 0.516371 -147936
199.016 0.418466 -147936
