0.00421533 0.0843066 144720 0
0.0168596 0.16858 144720 0.1
0.0379296 0.252819 144720 0.2
0.0674218 0.337024 144720 0.3
0.105333 0.421195 144720 0.4
0.151659 0.50533 144720 0.5
0.206397 0.58943 144720 0.6
0.269543 0.673494 144720 0.7
0.341094 0.757522 144720 0.8
0.421046 0.841514 144720 0.9
0.509395 0.925468 144720 1
0.606138 1.00939 144720 1.1
0.71127 1.09326 144720 1.2
0.824789 1.17711 144720 1.3
0.946689 1.26091 144720 1.4
1.07697 1.34467 144720 1.5
1.21562 1.4284 144720 1.6
1.36265 1.51208 144720 1.7
1.51804 1.59572 144720 1.8
1.68179 1.67933 144720 1.9
1.8539 1.76289 144720 2
2.03436 1.84641 144720 2.1
2.22318 1.92989 144720 2.2
2.42034 2.01333 144720 2.3
2.62584 2.09672 144720 2.4
2.83968 2.18008 144720 2.5
3.06186 2.26339 144720 2.6
3.29236 2.34665 144720 2.7
3.53118 2.42987 144720 2.8
3.77833 2.51305 144720 2.9
4.03379 2.59618 144720 3
4.29756 2.67927 144720 3.1
4.56964 2.76231 144720 3.2
4.85002 2.84531 144720 3.3
5.1387 2.92826 144720 3.4
5.4346 2.98975 110293 3.5
5.73772 3.07262 144720 3.6
6.04912 3.15544 144720 3.7
6.36881 3.23821 144720 3.8
6.69676 3.32094 144720 3.9
7.03299 3.40361 144720 4
7.37716 3.47966 134139 4.1
7.72925 3.56225 144720 4.2
8.08925 3.63768 133308 4.3
8.45611 3.69961 111668 4.4
8.8302 3.78206 144720 4.5
9.21252 3.86446 144720 4.6
9.60309 3.94681 144720 4.7
10.0019 4.02911 144720 4.8
10.4083 4.09953 125698 4.9
10.8224 4.18173 144720 5
11.2447 4.26388 144720 5.1
11.6752 4.34598 144720 5.2
12.1139 4.42802 144720 5.3
12.5608 4.51001 144720 5.4
13.0153 4.58129 127584 5.5
13.4759 4.62939 90383.4 5.6
13.9428 4.70938 141711 5.7
14.4177 4.78935 141783 5.8
14.9007 4.86933 141868 5.9
15.3916 4.94931 141955 6
15.8905 5.02929 142041 6.1
16.3974 5.10926 142129 6.2
16.9119 5.17924 126137 6.3
17.4333 5.24922 126219 6.4
17.9617 5.3192 126297 6.5
18.4971 5.38918 126376 6.6
19.0401 5.47051 144720 6.7
19.5912 5.55179 144720 6.8
20.1505 5.63301 144720 6.9
20.7178 5.71418 144720 7
21.2933 5.79528 144720 7.1
21.8765 5.86902 132977 7.2
22.4664 5.929 110927 7.3
23.0634 6.00994 144720 7.4
23.6684 6.09083 144720 7.5
24.2814 6.16892 140320 7.6
24.9013 6.22889 111281 7.7
25.5282 6.30961 144720 7.8
26.1632 6.39027 144720 7.9
26.8062 6.46881 141403 8
27.456 6.52878 111646 8.1
28.1129 6.60927 144720 8.2
28.7779 6.6897 144720 8.3
29.4503 6.7587 126431 8.4
30.1302 6.83901 144720 8.5
30.8176 6.90864 127641 8.6
31.5125 6.98883 144720 8.7
32.2148 7.05858 128022 8.8
32.9232 7.10855 96315.2 8.9
33.638 7.18858 144720 9
34.3604 7.25849 128549 9.1
35.0902 7.33841 144720 9.2
35.8276 7.40843 128927 9.3
36.5724 7.48822 144720 9.4
37.3247 7.55837 129322 9.5
38.0846 7.63803 144720 9.6
38.8519 7.7083 129721 9.7
39.6267 7.78784 144720 9.8
40.409 7.85823 130124 9.9
41.1988 7.93763 144690 10
41.9956 7.99816 114482 10.1
42.7994 8.07746 144720 10.2
43.6106 8.14704 129216 10.3
44.4278 8.19807 99480 10.4
45.2516 8.27719 144720 10.5
46.0828 8.34671 129411 10.6
46.92 8.39797 100128 10.7
47.7638 8.47691 144720 10.8
48.6149 8.54639 129605 10.9
49.4721 8.59787 100779 11
50.3359 8.67664 144720 11.1
51.2075 8.75533 144720 11.2
52.0864 8.82384 128457 11.3
52.9715 8.87773 105047 11.4
53.8632 8.95624 144720 11.5
54.7628 9.03469 144720 11.6
55.6701 9.11305 144720 11.7
56.5854 9.19135 144720 11.8
57.5081 9.2629 133991 11.9
58.4371 9.3175 106836 12
59.3727 9.39561 144720 12.1
60.3162 9.47364 144720 12.2
61.2675 9.5516 144720 12.3
62.2265 9.62948 144720 12.4
63.1934 9.7073 144720 12.5
64.1676 9.77726 132214 12.6
65.1483 9.83722 116244 12.7
66.135 9.89718 116346 12.8
67.1273 9.94735 100689 12.9
68.1236 9.98015 72826.2 13
69.1225 9.99652 46467.7 13.1
70.1222 9.99709 21089.3 13.2
71.1219 9.99709 20169.9 13.3
72.1216 9.99709 20170.4 13.4
73.1213 9.99709 20170.4 13.5
74.121 9.99709 20170.4 13.6
75.1207 9.99709 20170.4 13.7
76.1204 9.99709 20170.4 13.8
77.1201 9.99709 20170.4 13.9
78.1198 9.99709 20170.4 14
79.1195 9.99709 20170.4 14.1
80.1192 9.99709 20170.4 14.2
81.1189 9.99709 20170.4 14.3
82.1187 9.99709 20170.4 14.4
83.1184 9.99709 20170.4 14.5
84.1181 9.99709 20170.4 14.6
85.1178 9.99709 20170.4 14.7
86.1175 9.99709 20170.4 14.8
87.1172 9.99709 20170.4 14.9
88.1169 9.99709 20170.4 15
89.1166 9.99709 20170.4 15.1
90.1163 9.99709 20170.4 15.2
91.116 9.99709 20170.4 15.3
92.1157 9.99709 20170.4 15.4
93.1155 9.99709 20170.4 15.5
94.1152 9.99709 20170.4 15.6
95.1149 9.99709 20170.4 15.7
96.1146 9.99709 20170.4 15.8
97.1143 9.99709 20170.4 15.9
98.114 9.99709 20170.4 16
99.1137 9.99709 20170.4 16.1
100.116 10.0571 116650 16.2
101.125 10.1171 116688 16.3
102.14 10.177 116783 16.4
103.161 10.237 116877 16.5
104.187 10.2969 116972 16.6
105.22 10.3569 117068 16.7
106.259 10.4169 117163 16.8
107.303 10.4768 117259 16.9
108.354 10.5368 117356 17
109.411 10.5968 117452 17.1
110.473 10.6567 117549 17.2
111.543 10.7335 144720 17.3
112.62 10.8066 138922 17.4
113.704 10.8666 117878 17.5
114.793 10.9266 117990 17.6
115.889 10.9865 118089 17.7
116.99 11.0465 118188 17.8
118.099 11.1229 144720 17.9
119.215 11.1964 140206 18
120.338 11.2563 118524 18.1
121.466 11.3163 118639 18.2
122.601 11.3855 133509 18.3
123.742 11.4308 95294.9 18.4
124.887 11.459 67963 18.5
126.033 11.4704 40934.5 18.6
127.18 11.4652 14215.3 18.7
128.325 11.4436 -12144.6 18.8
129.468 11.406 -37993.9 18.9
130.606 11.3529 -62878.3 19
131.738 11.2862 -84831.5 19.1
132.862 11.2042 -109611 19.2
133.978 11.1084 -131934 19.3
135.084 11.0064 -142058 19.4
136.18 10.9265 -106731 19.5
137.269 10.8465 -106888 19.6
138.349 10.7666 -107021 19.7
139.422 10.6849 -109978 19.8
140.486 10.5885 -133618 19.9
141.54 10.4867 -142591 20
142.583 10.3868 -139749 20.1
143.617 10.2869 -139913 20.2
144.641 10.1869 -140074 20.3
145.654 10.087 -140234 20.4
146.658 9.98704 -140393 20.5
147.652 9.88709 -140551 20.6
148.635 9.78715 -140709 20.7
149.609 9.68721 -140865 20.8
150.573 9.58727 -141020 20.9
151.527 9.48732 -141175 21
152.472 9.42065 -87821.4 21.1
153.41 9.33737 -114633 21.2
154.339 9.23746 -141506 21.3
155.257 9.13751 -141708 21.4
156.166 9.03757 -141859 21.5
157.065 8.93762 -142008 21.6
157.955 8.87135 -87996.4 21.7
158.838 8.78771 -116042 21.8
159.712 8.68775 -142391 21.9
160.576 8.5878 -142523 22
161.43 8.48989 -139389 22.1
162.274 8.3889 -144483 22.2
163.107 8.28795 -144561 22.3
163.931 8.1898 -140199 22.4
164.745 8.08893 -144720 22.5
165.549 7.98809 -144796 22.6
166.344 7.90751 -112374 22.7
167.13 7.80818 -142631 22.8
167.906 7.72772 -112421 22.9
168.674 7.62826 -143081 23
169.433 7.54792 -112468 23.1
170.183 7.44834 -143523 23.2
170.923 7.35004 -141601 23.3
171.653 7.24949 -145338 23.4
172.373 7.14898 -145407 23.5
173.083 7.04851 -145475 23.6
173.783 6.96877 -112277 23.7
174.475 6.86899 -144607 23.8
175.157 6.76863 -145662 23.9
175.83 6.68901 -112427 24
176.494 6.58899 -145354 24.1
177.148 6.48874 -145841 24.2
177.792 6.38916 -144884 24.3
178.426 6.28898 -145965 24.4
179.05 6.18885 -146025 24.5
179.664 6.10888 -113712 24.6
180.27 6.00898 -145873 24.7
180.866 5.90895 -146189 24.8
181.452 5.80897 -146245 24.9
182.028 5.70902 -146301 25
182.595 5.62905 -114287 25.1
183.153 5.53908 -130472 25.2
183.703 5.44911 -130571 25.3
184.243 5.35914 -130675 25.4
184.775 5.26916 -130779 25.5
185.297 5.17919 -130881 25.6
185.81 5.07868 -147936 25.7
186.313 4.97823 -147936 25.8
186.806 4.87785 -147936 25.9
187.288 4.77754 -147936 26
187.761 4.6773 -147936 26.1
188.224 4.57713 -147936 26.2
188.677 4.47702 -147936 26.3
189.119 4.37698 -147936 26.4
189.552 4.27701 -147936 26.5
189.976 4.19662 -116536 26.6
190.39 4.09676 -147936 26.7
190.795 3.99696 -147936 26.8
191.19 3.89723 -147936 26.9
191.574 3.79756 -147936 27
191.949 3.69795 -147936 27.1
192.314 3.5984 -147936 27.2
192.669 3.49891 -147936 27.3
193.014 3.39964 -147679 27.4
193.351 3.33535 -91540.8 27.5
193.68 3.24648 -131111 27.6
193.999 3.14752 -147415 27.7
194.309 3.04861 -147443 27.8
194.609 2.94973 -147472 27.9
194.9 2.87728 -105059 28
195.183 2.77976 -145456 28.1
195.456 2.68075 -147936 28.2
195.719 2.58179 -147936 28.3
195.973 2.48288 -147936 28.4
196.216 2.38403 -147936 28.5
196.449 2.28523 -147936 28.6
196.673 2.18649 -147936 28.7
196.887 2.08779 -147936 28.8
197.091 1.98915 -147936 28.9
197.285 1.89169 -146110 29
197.469 1.79315 -147936 29.1
197.643 1.69465 -147936 29.2
197.808 1.59621 -147936 29.3
197.963 1.49781 -147936 29.4
198.107 1.39946 -147936 29.5
198.242 1.30116 -147936 29.6
198.368 1.20291 -147936 29.7
198.483 1.1047 -147936 29.8
198.589 1.00653 -147936 29.9
198.684 0.908414 -147936 30
198.77 0.810338 -147936 30.1
198.846 0.712306 -147936 30.2
198.913 0.614318 -147936 30.3
198.969 0.516371 -147936 30.4
199.016 0.418466 -147936 30.5
199.016 0 0 30.6
199.016 0 0 30.7
199.016 0 0 30.8
199.016 0 0 30.9
199.016 0 0 31
199.016 0 0 31.1
199.016 0 0 31.2
199.016 0 0 31.3
199.016 0 0 31.4
199.016 0 0 31.5
199.016 0 0 31.6
199.016 0 0 31.7
199.016 0 0 31.8
199.016 0 0 31.9
199.016 0 0 32
199.016 0 0 32.1
199.016 0 0 32.2
199.016 0 0 32.3
199.016 0 0 32.4
199.016 0 0 32.5
199.016 0 0 32.6
199.016 0 0 32.7
199.016 0 0 32.8
199.016 0 0 32.9
199.016 0 0 33
199.016 0 0 33.1
199.016 0 0 33.2
199.016 0 0 33.3
199.016 0 0 33.4
199.016 0 0 33.5
199.016 0 0 33.6
199.016 0 0 33.7
199.016 0 0 33.8
199.016 0 0 33.9
199.016 0 0 34
199.016 0 0 34.1
199.016 0 0 34.2
199.016 0 0 34.3
199.016 0 0 34.4
199.016 0 0 34.5
199.016 0 0 34.6
199.016 0 0 34.7
199.016 0 0 34.8
199.016 0 0 34.9
199.016 0 0 35
199.016 0 0 35.1
199.016 0 0 35.2
199.016 0 0 35.3
199.016 0 0 35.4
199.016 0 0 35.5
199.016 0 0 35.6
199.016 0 0 35.7
199.016 0 0 35.8
199.016 0 0 35.9
199.016 0 0 36
199.016 0 0 36.1
199.016 0 0 36.2
199.016 0 0 36.3
199.016 0 0 36.4
199.016 0 0 36.5
199.016 0 0 36.6
199.016 0 0 36.7
199.016 0 0 36.8
199.016 0 0 36.9
199.016 0 0 37
199.016 0 0 37.1
199.016 0 0 37.2
199.016 0 0 37.3
199.016 0 0 37.4
199.016 0 0 37.5
199.016 0 0 37.6
199.016 0 0 37.7
199.016 0 0 37.8
199.016 0 0 37.9
199.016 0 0 38
199.016 0 0 38.1
199.016 0 0 38.2
199.016 0 0 38.3
199.016 0 0 38.4
199.016 0 0 38.5
199.016 0 0 38.6
199.016 0 0 38.7
199.016 0 0 38.8
199.016 0 0 38.9
199.016 0 0 39
199.016 0 0 39.1
199.016 0 0 39.2
199.016 0 0 39.3
199.016 0 0 39.4
