0 0 0 0
0 0 0 0.1
0 0 0 0.2
0 0 0 0.3
0 0 0 0.4
0 0 0 0.5
0 0 0 0.6
0 0 0 0.7
0 0 0 0.8
0 0 0 0.9
0 0 0 1
0 0 0 1.1
0 0 0 1.2
0 0 0 1.3
0 0 0 1.4
0 0 0 1.5
0 0 0 1.6
0 0 0 1.7
0 0 0 1.8
0 0 0 1.9
0 0 0 2
0 0 0 2.1
0 0 0 2.2
0 0 0 2.3
0 0 0 2.4
0 0 0 2.5
0 0 0 2.6
0 0 0 2.7
0 0 0 2.8
0 0 0 2.9
0 0 0 3
0 0 0 3.1
0 0 0 3.2
0 0 0 3.3
0 0 0 3.4
0 0 0 3.5
0 0 0 3.6
0 0 0 3.7
0 0 0 3.8
0 0 0 3.9
0 0 0 4
0 0 0 4.1
0 0 0 4.2
0 0 0 4.3
0 0 0 4.4
0 0 0 4.5
0 0 0 4.6
0 0 0 4.7
0 0 0 4.8
0 0 0 4.9
0 0 0 5
0 0 0 5.1
0 0 0 5.2
0 0 0 5.3
0 0 0 5.4
0 0 0 5.5
0 0 0 5.6
0 0 0 5.7
0 0 0 5.8
0 0 0 5.9
0 0 0 6
0 0 0 6.1
0 0 0 6.2
0 0 0 6.3
0 0 0 6.4
0 0 0 6.5
0 0 0 6.6
0 0 0 6.7
0 0 0 6.8
0 0 0 6.9
0 0 0 7
0 0 0 7.1
0 0 0 7.2
0 0 0 7.3
0 0 0 7.4
0 0 0 7.5
0 0 0 7.6
0 0 0 7.7
0 0 0 7.8
0 0 0 7.9
0 0 0 8
0 0 0 8.1
0 0 0 8.2
0 0 0 8.3
0 0 0 8.4
0 0 0 8.5
0.00421533 0.0843066 144720 8.6
0.0168596 0.16858 144720 8.7
0.0379296 0.252819 144720 8.8
0.0674218 0.337024 144720 8.9
0.105333 0.421195 144720 9
0.151659 0.50533 144720 9.1
0.206397 0.58943 144720 9.2
0.269543 0.673494 144720 9.3
0.341094 0.757522 144720 9.4
0.421046 0.841514 144720 9.5
0.509395 0.925468 144720 9.6
0.606138 1.00939 144720 9.7
0.71127 1.09326 144720 9.8
0.824789 1.17711 144720 9.9
0.946689 1.26091 144720 10
1.07697 1.34467 144720 10.1
1.21562 1.4284 144720 10.2
1.36265 1.51208 144720 10.3
1.51804 1.59572 144720 10.4
1.68179 1.67933 144720 10.5
1.8539 1.76289 144720 10.6
2.03436 1.84641 144720 10.7
2.22318 1.92989 144720 10.8
2.42034 2.01333 144720 10.9
2.62584 2.09672 144720 11
2.83968 2.18008 144720 11.1
3.06186 2.26339 144720 11.2
3.29236 2.34665 144720 11.3
3.53118 2.42987 144720 11.4
3.77833 2.51305 144720 11.5
4.03379 2.59618 144720 11.6
4.29756 2.67927 144720 11.7
4.56964 2.76231 144720 11.8
4.85002 2.84531 144720 11.9
5.1387 2.92826 144720 12
5.4346 2.98975 110293 12.1
5.73772 3.07262 144720 12.2
6.04912 3.15544 144720 12.3
6.36881 3.23821 144720 12.4
6.69676 3.32094 144720 12.5
7.03299 3.40361 144720 12.6
7.37716 3.47966 134139 12.7
7.72925 3.56225 144720 12.8
8.0896 3.64478 144720 12.9
8.45682 3.69961 100260 13
8.83091 3.78206 144720 13.1
9.21323 3.86446 144720 13.2
9.6038 3.94681 144720 13.3
10.0026 4.02911 144720 13.4
10.409 4.09953 125700 13.5
10.8231 4.18173 144720 13.6
11.2454 4.26388 144720 13.7
11.6759 4.34598 144720 13.8
12.1146 4.42802 144720 13.9
12.5615 4.51001 144720 14
13.0166 4.59195 144720 14.1
13.4776 4.62939 73253.9 14.2
13.9446 4.70938 141716 14.3
14.4195 4.78935 141783 14.4
14.9024 4.86933 141868 14.5
15.3934 4.94931 141955 14.6
15.8923 5.02929 142041 14.7
16.3992 5.10926 142129 14.8
16.9136 5.17924 126137 14.9
17.4351 5.24922 126219 15
17.9635 5.3192 126297 15.1
18.4989 5.38918 126376 15.2
19.0419 5.47051 144720 15.3
19.593 5.55179 144720 15.4
20.1523 5.63301 144720 15.5
20.7196 5.71418 144720 15.6
21.2951 5.79528 144720 15.7
21.8783 5.86902 132977 15.8
22.4682 5.929 110927 15.9
23.0651 6.00994 144720 16
23.6702 6.09083 144720 16.1
24.2832 6.16892 140320 16.2
24.9031 6.22889 111281 16.3
25.53 6.30961 144720 16.4
26.165 6.39027 144720 16.5
26.8079 6.46881 141403 16.6
27.4578 6.52878 111646 16.7
28.1147 6.60927 144720 16.8
28.7797 6.6897 144720 16.9
29.4521 6.7587 126431 17
30.132 6.83901 144720 17.1
30.8194 6.90864 127641 17.2
31.5142 6.98883 144720 17.3
32.2166 7.05858 128022 17.4
32.925 7.10855 96315.2 17.5
33.6398 7.18858 144720 17.6
34.3622 7.25849 128549 17.7
35.092 7.33841 144720 17.8
35.8294 7.40843 128927 17.9
36.5742 7.48822 144720 18
37.3265 7.55837 129322 18.1
38.0863 7.63803 144720 18.2
38.8537 7.7083 129721 18.3
39.6285 7.78784 144720 18.4
40.4108 7.85823 130124 18.5
41.2006 7.93764 144720 18.6
41.9973 7.99816 114452 18.7
42.8011 8.07746 144720 18.8
43.6128 8.15668 144720 18.9
44.4306 8.19806 83982.3 19
45.2543 8.27718 144720 19.1
46.086 8.35623 144720 19.2
46.9237 8.39797 84831.7 19.3
47.7675 8.47691 144720 19.4
48.6191 8.55578 144720 19.5
49.4768 8.59787 85677.8 19.6
50.3405 8.67663 144720 19.7
51.2121 8.75533 144720 19.8
52.0916 8.83395 144720 19.9
52.9771 8.87773 88797.9 20
53.8688 8.95624 144720 20.1
54.7684 9.03468 144720 20.2
55.6758 9.11305 144720 20.3
56.591 9.19135 144720 20.4
57.514 9.26957 144720 20.5
58.4434 9.3175 96119.4 20.6
59.3791 9.3956 144720 20.7
60.3225 9.47364 144720 20.8
61.2738 9.5516 144720 20.9
62.2328 9.62948 144720 21
63.1997 9.70729 144720 21.1
64.1739 9.77726 132219 21.2
65.1546 9.83722 116244 21.3
66.1413 9.89718 116346 21.4
67.1341 9.95715 116439 21.5
68.1318 9.99711 84372 21.6
69.1315 9.99709 20133.1 21.7
70.1312 9.99709 20170.5 21.8
71.1309 9.99709 20170.4 21.9
72.1306 9.99709 20170.4 22
73.1303 9.99709 20170.4 22.1
74.13 9.99709 20170.4 22.2
75.1297 9.99709 20170.4 22.3
76.1294 9.99709 20170.4 22.4
77.1291 9.99709 20170.4 22.5
78.1289 9.99709 20170.4 22.6
79.1286 9.99709 20170.4 22.7
80.1283 9.99709 20170.4 22.8
81.128 9.99709 20170.4 22.9
82.1277 9.99709 20170.4 23
83.1274 9.99709 20170.4 23.1
84.1271 9.99709 20170.4 23.2
85.1268 9.99709 20170.4 23.3
86.1265 9.99709 20170.4 23.4
87.1262 9.99709 20170.4 23.5
88.1259 9.99709 20170.4 23.6
89.1257 9.99709 20170.4 23.7
90.1254 9.99709 20170.4 23.8
91.1251 9.99709 20170.4 23.9
92.1248 9.99709 20170.4 24
93.1245 9.99709 20170.4 24.1
94.1242 9.99709 20170.4 24.2
95.1239 9.99709 20170.4 24.3
96.1236 9.99709 20170.4 24.4
97.1233 9.99709 20170.4 24.5
98.123 9.99709 20170.4 24.6
99.1227 9.99709 20170.4 24.7
100.125 10.0571 116650 24.8
101.134 10.1171 116688 24.9
102.149 10.177 116783 25
103.17 10.237 116877 25.1
104.196 10.2969 116972 25.2
105.229 10.3569 117068 25.3
106.268 10.4169 117163 25.4
107.312 10.4768 117259 25.5
108.363 10.5368 117356 25.6
109.42 10.5968 117452 25.7
110.482 10.6567 117549 25.8
111.552 10.7335 144720 25.9
112.629 10.8066 138922 26
113.713 10.8666 117878 26.1
114.802 10.9266 117990 26.2
115.898 10.9865 118089 26.3
117 11.063 144720 26.4
118.11 11.1364 140007 26.5
119.227 11.1964 118424 26.6
120.35 11.2563 118538 26.7
121.478 11.3133 113876 26.8
122.612 11.3626 101544 26.9
123.75 11.4042 89339.9 27
124.892 11.4316 66526.5 27.1
126.036 11.4417 38746.5 27.2
127.179 11.4319 6652.5 27.3
128.321 11.4101 -12405.5 27.4
129.461 11.3777 -29616.2 27.5
130.596 11.334 -47920.3 27.6
131.727 11.2757 -71304 27.7
132.851 11.2004 -98845.8 27.8
133.966 11.1084 -125831 27.9
135.072 11.0064 -142062 28
136.169 10.9265 -106731 28.1
137.257 10.8465 -106888 28.2
138.338 10.7625 -113539 28.3
139.409 10.6718 -124456 28.4
140.472 10.5752 -134118 28.5
141.524 10.4743 -141112 28.6
142.566 10.3706 -145779 28.7
143.598 10.2657 -147933 28.8
144.62 10.1675 -137393 28.9
145.632 10.0688 -138235 29
146.634 9.96649 -144237 29.1
147.625 9.86197 -147936 29.2
148.606 9.75756 -147936 29.3
149.576 9.65325 -147936 29.4
150.537 9.54904 -147936 29.5
151.486 9.44493 -147936 29.6
152.426 9.34091 -147936 29.7
153.354 9.237 -147936 29.8
154.273 9.13318 -147936 29.9
155.181 9.02946 -147936 30
156.079 8.92583 -147936 30.1
156.966 8.8223 -147936 30.2
157.843 8.71886 -147936 30.3
158.71 8.61552 -147936 30.4
159.566 8.51227 -147936 30.5
160.417 8.49018 -17575.7 30.6
161.263 8.44852 -49078.1 30.7
162.105 8.38745 -80342.8 30.8
162.94 8.30728 -111160 30.9
163.766 8.20892 -140510 31
164.582 8.10804 -144705 31.1
165.388 8.02737 -112342 31.2
166.186 7.92812 -142329 31.3
166.974 7.82547 -147936 31.4
167.751 7.72439 -145565 31.5
168.519 7.62826 -137728 31.6
169.277 7.53858 -127493 31.7
170.026 7.43626 -147936 31.8
170.766 7.3633 -100872 31.9
171.498 7.27082 -132342 32
172.22 7.1703 -145397 32.1
172.932 7.06828 -147936 32.2
173.634 6.96676 -147273 32.3
174.325 6.86691 -144726 32.4
175.007 6.76863 -142318 32.5
175.68 6.68685 -115907 32.6
176.344 6.60228 -120502 32.7
177 6.50953 -133765 32.8
177.646 6.40931 -145895 32.9
178.282 6.30912 -145952 33
178.908 6.20898 -146013 33.1
179.523 6.10888 -146072 33.2
180.13 6.02891 -113809 33.3
180.729 5.93884 -130159 33.4
181.318 5.83884 -146234 33.5
181.897 5.73888 -146285 33.6
182.465 5.63896 -146340 33.7
183.024 5.53907 -146394 33.8
183.574 5.44911 -130566 33.9
184.114 5.35914 -130675 34
184.646 5.26916 -130779 34.1
185.168 5.17919 -130881 34.2
185.681 5.07871 -147884 34.3
186.184 4.98493 -137218 34.4
186.678 4.88752 -143157 34.5
187.161 4.78793 -146773 34.6
187.635 4.68838 -146818 34.7
188.099 4.58886 -146863 34.8
188.553 4.48939 -146907 34.9
188.998 4.41473 -107100 35
189.435 4.31678 -144650 35.1
189.862 4.21741 -147023 35.2
190.278 4.11808 -147063 35.3
190.685 4.01878 -147103 35.4
191.082 3.91953 -147142 35.5
191.47 3.83705 -120266 35.6
191.849 3.73786 -147217 35.7
192.217 3.63872 -147247 35.8
192.576 3.53961 -147282 35.9
192.926 3.4445 -140961 36
193.265 3.34547 -147349 36.1
193.595 3.24648 -147380 36.2
193.914 3.14752 -147412 36.3
194.224 3.04861 -147443 36.4
194.524 2.94973 -147472 36.5
194.815 2.87729 -105059 36.6
195.098 2.77976 -145456 36.7
195.371 2.68075 -147936 36.8
195.634 2.58179 -147936 36.9
195.888 2.48288 -147936 37
196.131 2.38403 -147936 37.1
196.364 2.28523 -147936 37.2
196.588 2.18649 -147936 37.3
196.802 2.08779 -147936 37.4
197.006 1.98915 -147936 37.5
197.2 1.89169 -146110 37.6
197.384 1.79326 -147751 37.7
197.558 1.69477 -147936 37.8
197.723 1.59632 -147936 37.9
197.878 1.49793 -147936 38
198.022 1.39958 -147936 38.1
198.158 1.30128 -147936 38.2
198.283 1.20302 -147936 38.3
198.398 1.10481 -147936 38.4
198.504 1.00665 -147936 38.5
198.599 0.908528 -147936 38.6
198.685 0.810453 -147936 38.7
198.762 0.712421 -147936 38.8
198.828 0.614432 -147936 38.9
198.884 0.516486 -147936 39
198.931 0.418581 -147936 39.1
198.968 0.320717 -147936 39.2
198.995 0.222895 -147936 39.3
199.013 0.125112 -147936 39.4
