0 0.01 10
0.5 0.91 10
1 1.29 10
1.5 1.58 10
2 1.82 10
2.5 2.03 10
3 2.22 10
3.5 2.4 10
4 2.56 10
4.5 2.71 10
5 2.85 10
5.5 2.99 10
6 3.12 10
6.5 3.24 10
7 3.36 10
7.5 3.48 10
8 3.59 10
8.5 3.7 10
9 3.8 10
9.5 3.9 10
10 4 10
10.5 4.1 10
11 4.19 10
11.5 4.28 10
12 4.37 10
12.5 4.46 10
13 4.55 10
13.5 4.63 10
14 4.71 10
14.5 4.79 10
15 4.87 10
15.5 4.95 10
16 5.03 10
16.5 5.11 10
17 5.18 10
17.5 5.25 10
18 5.32 10
18.5 5.39 10
19 5.46 10
19.5 5.53 10
20 5.6 10
20.5 5.67 10
21 5.74 10
21.5 5.81 10
22 5.87 10
22.5 5.93 10
23 5.99 10
23.5 6.05 10
24 6.11 10
24.5 6.17 10
25 6.23 10
25.5 6.29 10
26 6.35 10
26.5 6.41 10
27 6.47 10
27.5 6.53 10
28 6.59 10
28.5 6.65 10
29 6.71 10
29.5 6.76 10
30 6.81 10
30.5 6.86 10
31 6.91 10
31.5 6.96 10
32 7.01 10
32.5 7.06 10
33 7.11 10
33.5 7.16 10
34 7.21 10
34.5 7.26 10
35 7.31 10
35.5 7.36 10
36 7.41 10
36.5 7.46 10
37 7.51 10
37.5 7.56 10
38 7.61 10
38.5 7.66 10
39 7.71 10
39.5 7.76 10
40 7.81 10
40.5 7.86 10
41 7.91 10
41.5 7.96 10
42 8 10
42.5 8.04 10
43 8.08 10
43.5 8.12 10
44 8.16 10
44.5 8.2 10
45 8.24 10
45.5 8.28 10
46 8.32 10
46.5 8.36 10
47 8.4 10
47.5 8.44 10
48 8.48 10
48.5 8.52 10
49 8.56 10
49.5 8.6 10
50 8.64 10
50.5 8.68 10
51 8.72 10
51.5 8.76 10
52 8.8 10
52.5 8.84 10
53 8.88 10
53.5 8.92 10
54 8.96 10
54.5 9 10
55 9.04 10
55.5 9.08 10
56 9.12 10
56.5 9.16 10
57 9.2 10
57.5 9.24 10
58 9.28 10
58.5 9.32 10
59 9.36 10
59.5 9.4 10
60 9.44 10
60.5 9.48 10
61 9.52 10
61.5 9.56 10
62 9.6 10
62.5 9.64 10
63 9.68 10
63.5 9.72 10
64 9.75 10
64.5 9.78 10
65 9.81 10
65.5 9.84 10
66 9.87 10
66.5 9.9 10
67 9.93 10
67.5 9.96 10
68 9.99 10
68.5 10 10
69 10 10
69.5 10 10
70 10 10
70.5 10 10
71 10 10
71.5 10 10
72 10 10
72.5 10 10
73 10 10
73.5 10 10
74 10 10
74.5 10 10
75 10 10
75.5 10 10
76 10 10
76.5 10 10
77 10 10
77.5 10 10
78 10 10
78.5 10 10
79 10 10
79.5 10 10
80 10 10
80.5 10 10
81 10 10
81.5 10 10
82 10 10
82.5 10 10
83 10 10
83.5 10 10
84 10 10
84.5 10 10
85 10 10
85.5 10 10
86 10 10
86.5 10 10
87 10 10
87.5 10 10
88 10 10
88.5 10 10
89 10 10
89.5 10 10
90 10 10
90.5 10 10
91 10 10
91.5 10 10
92 10 10
92.5 10 10
93 10 10
93.5 10 10
94 10 10
94.5 10 10
95 10 10
95.5 10 10
96 10 10
96.5 10 10
97 10 10
97.5 10 10
98 10 10
98.5 10 10
99 10 10
99.5 10 10
100 10.03 20
100.5 10.06 20
101 10.09 20
101.5 10.12 20
102 10.15 20
102.5 10.18 20
103 10.21 20
103.5 10.24 20
104 10.27 20
104.5 10.3 20
105 10.33 20
105.5 10.36 20
106 10.39 20
106.5 10.42 20
107 10.45 20
107.5 10.48 20
108 10.51 20
108.5 10.54 20
109 10.57 20
109.5 10.6 20
110 10.63 20
110.5 10.66 20
111 10.69 20
111.5 10.72 20
112 10.75 20
112.5 10.78 20
113 10.81 20
113.5 10.84 20
114 10.87 20
114.5 10.9 20
115 10.93 20
115.5 10.96 20
116 10.99 20
116.5 11.02 20
117 11.05 20
117.5 11.08 20
118 11.11 20
118.5 11.14 20
119 11.17 20
119.5 11.2 20
120 11.23 20
120.5 11.26 20
121 11.29 20
121.5 11.32 20
122 11.35 20
122.5 11.38 20
123 11.41 20
123.5 11.44 20
124 11.47 20
124.5 11.5 20
125 11.53 20
125.5 11.56 20
126 11.59 20
126.5 11.62 20
127 11.65 20
127.5 11.65 20
128 11.61 20
128.5 11.57 20
129 11.53 20
129.5 11.49 20
130 11.45 20
130.5 11.41 20
131 11.37 20
131.5 11.33 20
132 11.29 20
132.5 11.25 20
133 11.21 20
133.5 11.17 20
134 11.13 20
134.5 11.09 20
135 11.05 20
135.5 11.01 20
136 10.97 20
136.5 10.93 20
137 10.89 20
137.5 10.85 20
138 10.81 20
138.5 10.77 20
139 10.73 20
139.5 10.69 20
140 10.65 20
140.5 10.61 20
141 10.57 20
141.5 10.53 20
142 10.49 20
142.5 10.44 20
143 10.39 20
143.5 10.34 20
144 10.29 20
144.5 10.24 20
145 10.19 20
145.5 10.14 20
146 10.09 20
146.5 10.04 20
147 9.99 20
147.5 9.94 20
148 9.89 20
148.5 9.84 20
149 9.79 20
149.5 9.74 20
150 9.69 30
150.5 9.64 30
151 9.59 30
151.5 9.54 30
152 9.49 30
152.5 9.44 30
153 9.39 30
153.5 9.34 30
154 9.29 30
154.5 9.24 30
155 9.19 30
155.5 9.14 30
156 9.09 30
156.5 9.04 30
157 8.99 30
157.5 8.94 30
158 8.89 30
158.5 8.84 30
159 8.79 30
159.5 8.74 30
160 8.69 30
160.5 8.64 30
161 8.59 30
161.5 8.53 30
162 8.47 30
162.5 8.41 30
163 8.35 30
163.5 8.29 30
164 8.23 30
164.5 8.17 30
165 8.11 30
165.5 8.05 30
166 7.99 30
166.5 7.93 30
167 7.87 30
167.5 7.81 30
168 7.75 30
168.5 7.69 30
169 7.63 30
169.5 7.57 30
170 7.51 30
170.5 7.45 30
171 7.39 30
171.5 7.33 30
172 7.26 30
172.5 7.19 30
173 7.12 30
173.5 7.05 30
174 6.98 30
174.5 6.91 30
175 6.84 30
175.5 6.77 30
176 6.7 30
176.5 6.63 30
177 6.56 30
177.5 6.49 30
178 6.42 30
178.5 6.35 30
179 6.27 30
179.5 6.19 30
180 6.11 30
180.5 6.03 30
181 5.95 30
181.5 5.87 30
182 5.79 30
182.5 5.71 30
183 5.63 30
183.5 5.54 30
184 5.45 30
184.5 5.36 30
185 5.27 30
185.5 5.18 30
186 5.09 30
186.5 5 30
187 4.9 30
187.5 4.8 30
188 4.7 30
188.5 4.6 30
189 4.49 30
189.5 4.38 30
190 4.27 30
190.5 4.16 30
191 4.04 30
191.5 3.92 30
192 3.8 30
192.5 3.67 30
193 3.54 30
193.5 3.4 30
194 3.26 30
194.5 3.11 30
195 2.95 30
195.5 2.78 30
196 2.6 30
196.5 2.41 30
197 2.2 30
197.5 1.97 30
198 1.71 30
198.5 1.4 30
199 0.99 30
199.5 0 0
200 0 0
