0,22,0,0
0.5,22,0,0
1,22,0.91,0
1.5,22,1.29,0
2,22,1.58,0
2.5,22,1.82,0
3,22,2.03,0
3.5,22,2.22,0
4,22,2.4,0
4.5,22,2.56,0
5,22,2.71,0
5.5,22,2.85,0
6,22,2.99,0
6.5,22,3.12,0
7,22,3.24,0
7.5,22,3.36,0
8,22,3.48,0
8.5,22,3.59,0
9,22,3.7,0
9.5,22,3.8,0
10,22,3.9,0
10.5,22,4,0
11,22,4.1,0
11.5,22,4.19,0
12,22,4.28,0
12.5,22,4.37,0
13,22,4.46,0
13.5,22,4.55,0
14,22,4.63,0
14.5,22,4.71,0
15,22,4.79,0
15.5,22,4.87,0
16,22,4.95,0
16.5,22,5.03,0
17,22,5.11,0
17.5,22,5.18,0
18,22,5.25,0
18.5,22,5.32,0
19,22,5.39,0
19.5,22,5.46,0
20,22,5.53,0
20.5,22,5.6,0
21,22,5.67,0
21.5,22,5.74,0
22,22,5.81,0
22.5,22,5.87,0
23,22,5.93,0
23.5,22,5.99,0
24,22,6.05,0
24.5,22,6.11,0
25,22,6.17,0
25.5,22,6.23,0
26,22,6.29,0
26.5,22,6.35,0
27,22,6.41,0
27.5,22,6.47,0
28,22,6.53,0
28.5,22,6.59,0
29,22,6.65,0
29.5,22,6.71,0
30,22,6.76,0
30.5,22,6.81,0
31,22,6.86,0
31.5,22,6.91,0
32,22,6.96,0
32.5,22,7.01,0
33,22,7.06,0
33.5,22,7.11,0
34,22,7.16,0
34.5,22,7.21,0
35,22,7.26,0
35.5,22,7.31,0
36,22,7.36,0
36.5,22,7.41,0
37,22,7.46,0
37.5,22,7.51,0
38,22,7.56,0
38.5,22,7.61,0
39,22,7.66,0
39.5,22,7.71,0
40,22,7.76,0
40.5,22,7.81,0
41,22,7.86,0
41.5,22,7.91,0
42,22,7.96,0
42.5,22,8,0
43,22,8.04,0
43.5,22,8.08,0
44,22,8.12,0
44.5,22,8.16,0
45,22,8.2,0
45.5,22,8.24,0
46,22,8.28,0
46.5,22,8.32,0
47,22,8.36,0
47.5,22,8.4,0
48,22,8.44,0
48.5,22,8.48,0
49,22,8.52,0
49.5,22,8.56,0
50,22,8.6,0
50.5,22,8.64,0
51,22,8.68,0
51.5,22,8.72,0
52,22,8.76,0
52.5,22,8.8,0
53,22,8.84,0
53.5,22,8.88,0
54,22,8.92,0
54.5,22,8.96,0
55,22,9,0
55.5,22,9.04,0
56,22,9.08,0
56.5,22,9.12,0
57,22,9.16,0
57.5,22,9.2,0
58,22,9.24,0
58.5,22,9.28,0
59,22,9.32,0
59.5,22,9.36,0
60,22,9.4,0
60.5,22,9.44,0
61,22,9.48,0
61.5,22,9.52,0
62,22,9.56,0
62.5,22,9.6,0
63,22,9.64,0
63.5,22,9.68,0
64,22,9.72,0
64.5,22,9.75,0
65,22,9.78,0
65.5,22,9.81,0
66,22,9.84,0
66.5,22,9.87,0
67,22,9.9,0
67.5,22,9.93,0
68,22,9.96,0
68.5,22,9.99,0
69,22,10.02,0
69.5,22,10.05,0
70,22,10.08,0
70.5,22,10.11,0
71,22,10.14,0
71.5,22,10.17,0
72,22,10.2,0
72.5,22,10.23,0
73,22,10.26,0
73.5,22,10.29,0
74,22,10.32,0
74.5,22,10.35,0
75,22,10.38,0
75.5,22,10.41,0
76,22,10.44,0
76.5,22,10.47,0
77,22,10.5,0
77.5,22,10.53,0
78,22,10.56,0
78.5,22,10.59,0
79,22,10.62,0
79.5,22,10.65,0
80,22,10.68,0
80.5,22,10.71,0
81,22,10.74,0
81.5,22,10.77,0
82,22,10.8,0
82.5,22,10.83,0
83,22,10.86,0
83.5,22,10.89,0
84,22,10.92,0
84.5,22,10.95,0
85,22,10.98,0
85.5,22,11.01,0
86,22,11.04,0
86.5,22,11.07,0
87,22,11.1,0
87.5,22,11.13,0
88,22,11.16,0
88.5,22,11.19,0
89,22,11.22,0
89.5,22,11.25,0
90,22,11.28,0
90.5,22,11.31,0
91,22,11.34,0
91.5,22,11.37,0
92,22,11.4,0
92.5,22,11.43,0
93,22,11.46,0
93.5,22,11.49,0
94,22,11.52,0
94.5,22,11.55,0
95,22,11.58,0
95.5,22,11.61,0
96,22,11.64,0
96.5,22,11.67,0
97,22,11.7,0
97.5,22,11.73,0
98,22,11.76,0
98.5,22,11.79,0
99,22,11.82,0
99.5,22,11.85,0
100,22,11.88,0
100.5,22,11.91,0
101,22,11.94,0
101.5,22,11.97,0
102,22,12,0
102.5,22,12.03,0
103,22,12.06,0
103.5,22,12.09,0
104,22,12.12,0
104.5,22,12.15,0
105,22,12.18,0
105.5,22,12.21,0
106,22,12.24,0
106.5,22,12.27,0
107,22,12.3,0
107.5,22,12.33,0
108,22,12.36,0
108.5,22,12.39,0
109,22,12.42,0
109.5,22,12.45,0
110,22,12.48,0
110.5,22,12.5,0
111,22,12.52,0
111.5,22,12.54,0
112,22,12.56,0
112.5,22,12.58,0
113,22,12.6,0
113.5,22,12.62,0
114,22,12.64,0
114.5,22,12.66,0
115,22,12.68,0
115.5,22,12.7,0
116,22,12.72,0
116.5,22,12.74,0
117,22,12.76,0
117.5,22,12.78,0
118,22,12.8,0
118.5,22,12.82,0
119,22,12.84,0
119.5,22,12.86,0
120,22,12.88,0
120.5,22,12.9,0
121,22,12.92,0
121.5,22,12.94,0
122,22,12.96,0
122.5,22,12.98,0
123,22,13,0
123.5,22,13.02,0
124,22,13.04,0
124.5,22,13.06,0
125,22,13.08,0
125.5,22,13.1,0
126,22,13.12,0
126.5,22,13.14,0
127,22,13.16,0
127.5,22,13.18,0
128,22,13.2,0
128.5,22,13.22,0
129,22,13.24,0
129.5,22,13.26,0
130,22,13.28,0
130.5,22,13.3,0
131,22,13.32,0
131.5,22,13.34,0
132,22,13.36,0
132.5,22,13.38,0
133,22,13.4,0
133.5,22,13.42,0
134,22,13.44,0
134.5,22,13.46,0
135,22,13.48,0
135.5,22,13.5,0
136,22,13.52,0
136.5,22,13.54,0
137,22,13.56,0
137.5,22,13.58,0
138,22,13.6,0
138.5,22,13.62,0
139,22,13.64,0
139.5,22,13.66,0
140,22,13.68,0
140.5,22,13.7,0
141,22,13.72,0
141.5,22,13.74,0
142,22,13.76,0
142.5,22,13.78,0
143,22,13.8,0
143.5,22,13.82,0
144,22,13.84,0
144.5,22,13.86,0
145,22,13.88,0
145.5,22,13.9,0
146,22,13.92,0
146.5,22,13.94,0
147,22,13.96,0
147.5,22,13.98,0
148,22,14,0
148.5,22,14.02,0
149,22,14.04,0
149.5,22,14.06,0
150,22,14.08,0
150.5,22,14.1,0
151,22,14.12,0
151.5,22,14.14,0
152,22,14.16,0
152.5,22,14.18,0
153,22,14.2,0
153.5,22,14.22,0
154,22,14.24,0
154.5,22,14.26,0
155,22,14.28,0
155.5,22,14.3,0
156,22,14.32,0
156.5,22,14.34,0
157,22,14.36,0
157.5,22,14.38,0
158,22,14.4,0
158.5,22,14.42,0
159,22,14.44,0
159.5,22,14.46,0
160,22,14.48,0
160.5,22,14.5,0
161,22,14.52,0
161.5,22,14.54,0
162,22,14.56,0
162.5,22,14.58,0
163,22,14.6,0
163.5,22,14.62,0
164,22,14.64,0
164.5,22,14.66,0
165,22,14.68,0
165.5,22,14.7,0
166,22,14.72,0
166.5,22,14.74,0
167,22,14.76,0
167.5,22,14.78,0
168,22,14.8,0
168.5,22,14.82,0
169,22,14.84,0
169.5,22,14.86,0
170,22,14.88,0
170.5,22,14.9,0
171,22,14.92,0
171.5,22,14.94,0
172,22,14.96,0
172.5,22,14.98,0
173,22,15,0
173.5,22,15.02,0
174,22,15.04,0
174.5,22,15.06,0
175,22,15.08,0
175.5,22,15.1,0
176,22,15.12,0
176.5,22,15.14,0
177,22,15.16,0
177.5,22,15.18,0
178,22,15.2,0
178.5,22,15.22,0
179,22,15.24,0
179.5,22,15.26,0
180,22,15.28,0
180.5,22,15.3,0
181,22,15.32,0
181.5,22,15.34,0
182,22,15.36,0
182.5,22,15.38,0
183,22,15.4,0
183.5,22,15.42,0
184,22,15.44,0
184.5,22,15.46,0
185,22,15.48,0
185.5,22,15.5,0
186,22,15.52,0
186.5,22,15.54,0
187,22,15.56,0
187.5,22,15.58,0
188,22,15.6,0
188.5,22,15.62,0
189,22,15.64,0
189.5,22,15.62,0
190,22,15.59,0
190.5,22,15.56,0
191,22,15.53,0
191.5,22,15.5,0
192,22,15.47,0
192.5,22,15.44,0
193,22,15.41,0
193.5,22,15.38,0
194,22,15.35,0
194.5,22,15.32,0
195,22,15.29,0
195.5,22,15.26,0
196,22,15.23,0
196.5,22,15.2,0
197,22,15.17,0
197.5,22,15.14,0
198,22,15.11,0
198.5,22,15.08,0
199,22,15.05,0
199.5,22,15.02,0
200,15,14.99,0
200.5,15,14.99,0
201,15,14.99,0
201.5,15,14.99,0
202,15,14.99,0
202.5,15,14.99,0
203,15,14.99,0
203.5,15,14.99,0
204,15,14.99,0
204.5,15,14.99,0
205,15,14.99,0
205.5,15,14.99,0
206,15,14.99,0
206.5,15,14.99,0
207,15,14.99,0
207.5,15,14.99,0
208,15,14.99,0
208.5,15,14.99,0
209,15,14.99,0
209.5,15,14.99,0
210,15,14.99,0
210.5,15,14.99,0
211,15,14.99,0
211.5,15,14.99,0
212,15,14.99,0
212.5,15,14.99,0
213,15,14.99,0
213.5,15,14.99,0
214,15,14.99,0
214.5,15,14.99,0
215,15,14.99,0
215.5,15,14.99,0
216,15,14.99,0
216.5,15,14.99,0
217,15,14.99,0
217.5,15,14.99,0
218,15,14.99,0
218.5,15,14.99,0
219,15,14.99,0
219.5,15,14.99,0
220,15,14.99,0
220.5,15,14.99,0
221,15,14.99,0
221.5,15,14.99,0
222,15,14.99,0
222.5,15,14.99,0
223,15,14.99,0
223.5,15,14.99,0
224,15,14.99,0
224.5,15,14.99,0
225,15,14.99,0
225.5,15,14.99,0
226,15,14.99,0
226.5,15,14.99,0
227,15,14.99,0
227.5,15,14.99,0
228,15,14.99,0
228.5,15,14.99,0
229,15,14.99,0
229.5,15,14.99,0
230,15,14.99,0
230.5,15,14.99,0
231,15,14.99,0
231.5,15,14.99,0
232,15,14.99,0
232.5,15,14.99,0
233,15,14.99,0
233.5,15,14.99,0
234,15,14.99,0
234.5,15,14.99,0
235,15,14.99,0
235.5,15,14.99,0
236,15,14.99,0
236.5,15,14.99,0
237,15,14.99,0
237.5,15,14.99,0
238,15,14.99,0
238.5,15,14.99,0
239,15,14.99,0
239.5,15,14.99,0
240,15,14.99,0
240.5,15,14.99,0
241,15,14.99,0
241.5,15,14.99,0
242,15,14.99,0
242.5,15,14.99,0
243,15,14.99,0
243.5,15,14.99,0
244,15,14.99,0
244.5,15,14.99,0
245,15,14.99,0
245.5,15,14.99,0
246,15,14.99,0
246.5,15,14.99,0
247,15,14.99,0
247.5,15,14.99,0
248,15,14.99,0
248.5,15,14.99,0
249,15,14.99,0
249.5,15,14.99,0
250,15,14.99,0
250.5,15,14.99,0
251,15,14.99,0
251.5,15,14.99,0
252,15,14.99,0
252.5,15,14.99,0
253,15,14.99,0
253.5,15,14.99,0
254,15,14.99,0
254.5,15,14.99,0
255,15,14.99,0
255.5,15,14.99,0
256,15,14.99,0
256.5,15,14.99,0
257,15,14.99,0
257.5,15,14.99,0
258,15,14.99,0
258.5,15,14.99,0
259,15,14.99,0
259.5,15,14.99,0
260,15,14.99,0
260.5,15,14.99,0
261,15,14.99,0
261.5,15,14.99,0
262,15,14.99,0
262.5,15,14.99,0
263,15,14.99,0
263.5,15,14.99,0
264,15,14.99,0
264.5,15,14.99,0
265,15,14.99,0
265.5,15,14.99,0
266,15,14.99,0
266.5,15,14.99,0
267,15,14.99,0
267.5,15,14.99,0
268,15,14.99,0
268.5,15,14.99,0
269,15,14.99,0
269.5,15,14.99,0
270,15,14.99,0
270.5,15,14.99,0
271,15,14.99,0
271.5,15,14.99,0
272,15,14.99,0
272.5,15,14.99,0
273,15,14.99,0
273.5,15,14.99,0
274,15,14.99,0
274.5,15,14.99,0
275,15,14.99,0
275.5,15,14.99,0
276,15,14.99,0
276.5,15,14.99,0
277,15,14.99,0
277.5,15,14.99,0
278,15,14.99,0
278.5,15,14.99,0
279,15,14.99,0
279.5,15,14.99,0
280,15,14.99,0
280.5,15,14.99,0
281,15,14.99,0
281.5,15,14.99,0
282,15,14.99,0
282.5,15,14.99,0
283,15,14.99,0
283.5,15,14.99,0
284,15,14.99,0
284.5,15,14.99,0
285,15,14.99,0
285.5,15,14.99,0
286,15,14.99,0
286.5,15,14.99,0
287,15,14.99,0
287.5,15,14.99,0
288,15,14.99,0
288.5,15,14.99,0
289,15,14.99,0
289.5,15,14.99,0
290,15,14.99,0
290.5,15,14.99,0
291,15,14.99,0
291.5,15,14.99,0
292,15,14.99,0
292.5,15,14.99,0
293,15,14.99,0
293.5,15,14.99,0
294,15,14.99,0
294.5,15,14.99,0
295,15,14.99,0
295.5,15,14.99,0
296,15,14.99,0
296.5,15,14.99,0
297,15,14.99,0
297.5,15,14.99,0
298,15,14.99,0
298.5,15,14.99,0
299,15,14.99,0
299.5,15,14.99,0
300,15,14.99,0
300.5,15,14.99,0
301,15,14.99,0
301.5,15,14.99,0
302,15,14.99,0
302.5,15,14.99,0
303,15,14.99,0
303.5,15,14.99,0
304,15,14.99,0
304.5,15,14.99,0
305,15,14.99,0
305.5,15,14.99,0
306,15,14.99,0
306.5,15,14.99,0
307,15,14.99,0
307.5,15,14.99,0
308,15,14.99,0
308.5,15,14.99,0
309,15,14.99,0
309.5,15,14.99,0
310,15,14.99,0
310.5,15,14.99,0
311,15,14.99,0
311.5,15,14.99,0
312,15,14.99,0
312.5,15,14.99,0
313,15,14.99,0
313.5,15,14.99,0
314,15,14.99,0
314.5,15,14.99,0
315,15,14.99,0
315.5,15,14.99,0
316,15,14.99,0
316.5,15,14.99,0
317,15,14.99,0
317.5,15,14.99,0
318,15,14.99,0
318.5,15,14.99,0
319,15,14.99,0
319.5,15,14.99,0
320,15,14.99,0
320.5,15,14.99,0
321,15,14.99,0
321.5,15,14.99,0
322,15,14.99,0
322.5,15,14.99,0
323,15,14.99,0
323.5,15,14.99,0
324,15,14.99,0
324.5,15,14.99,0
325,15,14.99,0
325.5,15,14.99,0
326,15,14.99,0
326.5,15,14.99,0
327,15,14.99,0
327.5,15,14.99,0
328,15,14.99,0
328.5,15,14.99,0
329,15,14.99,0
329.5,15,14.99,0
330,15,14.99,0
330.5,15,14.99,0
331,15,14.99,0
331.5,15,14.99,0
332,15,14.99,0
332.5,15,14.99,0
333,15,14.99,0
333.5,15,14.99,0
334,15,14.99,0
334.5,15,14.99,0
335,15,14.99,0
335.5,15,14.99,0
336,15,14.99,0
336.5,15,14.99,0
337,15,14.99,0
337.5,15,14.99,0
338,15,14.99,0
338.5,15,14.99,0
339,15,14.99,0
339.5,15,14.99,0
340,15,14.99,0
340.5,15,14.99,0
341,15,14.99,0
341.5,15,14.99,0
342,15,14.99,0
342.5,15,14.99,0
343,15,14.99,0
343.5,15,14.99,0
344,15,14.99,0
344.5,15,14.99,0
345,15,14.99,0
345.5,15,14.99,0
346,15,14.99,0
346.5,15,14.99,0
347,15,14.99,0
347.5,15,14.99,0
348,15,14.99,0
348.5,15,14.99,0
349,15,14.99,0
349.5,15,14.99,0
350,15,14.99,0
350.5,15,14.99,0
351,15,14.99,0
351.5,15,14.99,0
352,15,14.99,0
352.5,15,14.99,0
353,15,14.99,0
353.5,15,14.99,0
354,15,14.99,0
354.5,15,14.99,0
355,15,14.99,0
355.5,15,14.99,0
356,15,14.99,0
356.5,15,14.99,0
357,15,14.99,0
357.5,15,14.99,0
358,15,14.99,0
358.5,15,14.99,0
359,15,14.99,0
359.5,15,14.99,0
360,15,14.99,0
360.5,15,14.99,0
361,15,14.99,0
361.5,15,14.99,0
362,15,14.99,0
362.5,15,14.99,0
363,15,14.99,0
363.5,15,14.99,0
364,15,14.99,0
364.5,15,14.99,0
365,15,14.99,0
365.5,15,14.99,0
366,15,14.99,0
366.5,15,14.99,0
367,15,14.99,0
367.5,15,14.99,0
368,15,14.99,0
368.5,15,14.99,0
369,15,14.99,0
369.5,15,14.99,0
370,15,14.99,0
370.5,15,14.99,0
371,15,14.99,0
371.5,15,14.99,0
372,15,14.99,0
372.5,15,14.99,0
373,15,14.99,0
373.5,15,14.99,0
374,15,14.99,0
374.5,15,14.99,0
375,15,14.99,0
375.5,15,14.99,0
376,15,14.99,0
376.5,15,14.99,0
377,15,14.99,0
377.5,15,14.99,0
378,15,14.99,0
378.5,15,14.99,0
379,15,14.99,0
379.5,15,14.99,0
380,15,14.99,0
380.5,15,14.99,0
381,15,14.99,0
381.5,15,14.99,0
382,15,14.99,0
382.5,15,14.99,0
383,15,14.99,0
383.5,15,14.99,0
384,15,14.99,0
384.5,15,14.99,0
385,15,14.99,0
385.5,15,14.99,0
386,15,14.99,0
386.5,15,14.99,0
387,15,14.99,0
387.5,15,14.99,0
388,15,14.99,0
388.5,15,14.99,0
389,15,14.99,0
389.5,15,14.99,0
390,15,14.99,0
390.5,15,14.99,0
391,15,14.99,0
391.5,15,14.99,0
392,15,14.99,0
392.5,15,14.99,0
393,15,14.99,0
393.5,15,14.99,0
394,15,14.99,0
394.5,15,14.99,0
395,15,14.99,0
395.5,15,14.99,0
396,15,14.99,0
396.5,15,14.99,0
397,15,14.99,0
397.5,15,14.99,0
398,15,14.99,0
398.5,15,14.99,0
399,15,14.99,0
399.5,15,14.99,0
400,15,14.99,0
400.5,15,14.99,0
401,15,14.99,0
401.5,15,14.99,0
402,15,14.99,0
402.5,15,14.99,0
403,15,14.99,0
403.5,15,14.99,0
404,15,14.99,0
404.5,15,14.99,0
405,15,14.99,0
405.5,15,14.99,0
406,15,14.99,0
406.5,15,14.99,0
407,15,14.99,0
407.5,15,14.99,0
408,15,14.99,0
408.5,15,14.99,0
409,15,14.99,0
409.5,15,14.99,0
410,15,14.99,0
410.5,15,14.99,0
411,15,14.99,0
411.5,15,14.99,0
412,15,14.99,0
412.5,15,14.99,0
413,15,14.99,0
413.5,15,14.99,0
414,15,14.99,0
414.5,15,14.99,0
415,15,14.99,0
415.5,15,14.99,0
416,15,14.99,0
416.5,15,14.99,0
417,15,14.99,0
417.5,15,14.99,0
418,15,14.99,0
418.5,15,14.99,0
419,15,14.99,0
419.5,15,14.99,0
420,15,14.99,0
420.5,15,14.99,0
421,15,14.99,0
421.5,15,14.99,0
422,15,14.99,0
422.5,15,14.99,0
423,15,14.99,0
423.5,15,14.99,0
424,15,14.99,0
424.5,15,14.99,0
425,15,14.99,0
425.5,15,14.99,0
426,15,14.99,0
426.5,15,14.99,0
427,15,14.99,0
427.5,15,14.99,0
428,15,14.99,0
428.5,15,14.99,0
429,15,14.99,0
429.5,15,14.99,0
430,15,14.99,0
430.5,15,14.99,0
431,15,14.99,0
431.5,15,14.99,0
432,15,14.99,0
432.5,15,14.99,0
433,15,14.99,0
433.5,15,14.99,0
434,15,14.99,0
434.5,15,14.99,0
435,15,14.99,0
435.5,15,14.99,0
436,15,14.99,0
436.5,15,14.99,0
437,15,14.99,0
437.5,15,14.99,0
438,15,14.99,0
438.5,15,14.99,0
439,15,14.99,0
439.5,15,14.99,0
440,15,14.99,0
440.5,15,14.99,0
441,15,14.99,0
441.5,15,14.99,0
442,15,14.99,0
442.5,15,14.99,0
443,15,14.99,0
443.5,15,14.99,0
444,15,14.99,0
444.5,15,14.99,0
445,15,14.99,0
445.5,15,14.99,0
446,15,14.99,0
446.5,15,14.99,0
447,15,14.99,0
447.5,15,14.99,0
448,15,14.99,0
448.5,15,14.99,0
449,15,14.99,0
449.5,15,14.99,0
450,15,14.99,0
450.5,15,14.99,0
451,15,14.99,0
451.5,15,14.99,0
452,15,14.99,0
452.5,15,14.99,0
453,15,14.99,0
453.5,15,14.99,0
454,15,14.99,0
454.5,15,14.99,0
455,15,14.99,0
455.5,15,14.99,0
456,15,14.99,0
456.5,15,14.99,0
457,15,14.99,0
457.5,15,14.99,0
458,15,14.99,0
458.5,15,14.99,0
459,15,14.99,0
459.5,15,14.99,0
460,15,14.99,0
460.5,15,14.99,0
461,15,14.99,0
461.5,15,14.99,0
462,15,14.99,0
462.5,15,14.99,0
463,15,14.99,0
463.5,15,14.99,0
464,15,14.99,0
464.5,15,14.99,0
465,15,14.99,0
465.5,15,14.99,0
466,15,14.99,0
466.5,15,14.99,0
467,15,14.99,0
467.5,15,14.99,0
468,15,14.99,0
468.5,15,14.99,0
469,15,14.99,0
469.5,15,14.99,0
470,15,14.99,0
470.5,15,14.99,0
471,15,14.99,0
471.5,15,14.99,0
472,15,14.99,0
472.5,15,14.99,0
473,15,14.99,0
473.5,15,14.99,0
474,15,14.99,0
474.5,15,14.99,0
475,15,14.99,0
475.5,15,14.99,0
476,15,14.99,0
476.5,15,14.99,0
477,15,14.99,0
477.5,15,14.99,0
478,15,14.99,0
478.5,15,14.99,0
479,15,14.99,0
479.5,15,14.99,0
480,15,14.99,0
480.5,15,14.99,0
481,15,14.99,0
481.5,15,14.99,0
482,15,14.99,0
482.5,15,14.99,0
483,15,14.99,0
483.5,15,14.99,0
484,15,14.99,0
484.5,15,14.99,0
485,15,14.99,0
485.5,15,14.99,0
486,15,14.99,0
486.5,15,14.99,0
487,15,14.99,0
487.5,15,14.99,0
488,15,14.99,0
488.5,15,14.99,0
489,15,14.99,0
489.5,15,14.99,0
490,15,14.99,0
490.5,15,14.99,0
491,15,14.99,0
491.5,15,14.99,0
492,15,14.99,0
492.5,15,14.99,0
493,15,14.99,0
493.5,15,14.99,0
494,15,14.99,0
494.5,15,14.99,0
495,15,14.99,0
495.5,15,14.99,0
496,15,14.99,0
496.5,15,14.99,0
497,15,14.99,0
497.5,15,14.99,0
498,15,14.99,0
498.5,15,14.99,0
499,15,14.99,0
499.5,15,14.99,0
500,22,15.01,0
500.5,22,15.03,0
501,22,15.05,0
501.5,22,15.07,0
502,22,15.09,0
502.5,22,15.11,0
503,22,15.13,0
503.5,22,15.15,0
504,22,15.17,0
504.5,22,15.19,0
505,22,15.21,0
505.5,22,15.23,0
506,22,15.25,0
506.5,22,15.27,0
507,22,15.29,0
507.5,22,15.31,0
508,22,15.33,0
508.5,22,15.35,0
509,22,15.37,0
509.5,22,15.39,0
510,22,15.41,0
510.5,22,15.43,0
511,22,15.45,0
511.5,22,15.47,0
512,22,15.49,0
512.5,22,15.51,0
513,22,15.53,0
513.5,22,15.55,0
514,22,15.57,0
514.5,22,15.59,0
515,22,15.61,0
515.5,22,15.63,0
516,22,15.65,0
516.5,22,15.67,0
517,22,15.69,0
517.5,22,15.71,0
518,22,15.73,0
518.5,22,15.75,0
519,22,15.77,0
519.5,22,15.79,0
520,22,15.81,0
520.5,22,15.83,0
521,22,15.85,0
521.5,22,15.87,0
522,22,15.89,0
522.5,22,15.91,0
523,22,15.93,0
523.5,22,15.95,0
524,22,15.97,0
524.5,22,15.99,0
525,22,16.01,0
525.5,22,16.03,0
526,22,16.05,0
526.5,22,16.07,0
527,22,16.09,0
527.5,22,16.11,0
528,22,16.13,0
528.5,22,16.15,0
529,22,16.17,0
529.5,22,16.19,0
530,22,16.21,0
530.5,22,16.23,0
531,22,16.25,0
531.5,22,16.27,0
532,22,16.29,0
532.5,22,16.31,0
533,22,16.33,0
533.5,22,16.35,0
534,22,16.37,0
534.5,22,16.39,0
535,22,16.41,0
535.5,22,16.43,0
536,22,16.45,0
536.5,22,16.47,0
537,22,16.49,0
537.5,22,16.51,0
538,22,16.53,0
538.5,22,16.55,0
539,22,16.57,0
539.5,22,16.59,0
540,22,16.61,0
540.5,22,16.63,0
541,22,16.65,0
541.5,22,16.67,0
542,22,16.69,0
542.5,22,16.71,0
543,22,16.73,0
543.5,22,16.75,0
544,22,16.77,0
544.5,22,16.79,0
545,22,16.81,0
545.5,22,16.83,0
546,22,16.85,0
546.5,22,16.87,0
547,22,16.89,0
547.5,22,16.91,0
548,22,16.93,0
548.5,22,16.95,0
549,22,16.97,0
549.5,22,16.99,0
550,22,17.01,0
550.5,22,17.03,0
551,22,17.05,0
551.5,22,17.07,0
552,22,17.09,0
552.5,22,17.11,0
553,22,17.13,0
553.5,22,17.15,0
554,22,17.17,0
554.5,22,17.19,0
555,22,17.21,0
555.5,22,17.23,0
556,22,17.24,0
556.5,22,17.25,0
557,22,17.26,0
557.5,22,17.27,0
558,22,17.28,0
558.5,22,17.29,0
559,22,17.3,0
559.5,22,17.31,0
560,22,17.32,0
560.5,22,17.33,0
561,22,17.34,0
561.5,22,17.35,0
562,22,17.36,0
562.5,22,17.37,0
563,22,17.38,0
563.5,22,17.39,0
564,22,17.4,0
564.5,22,17.41,0
565,22,17.42,0
565.5,22,17.43,0
566,22,17.44,0
566.5,22,17.45,0
567,22,17.46,0
567.5,22,17.47,0
568,22,17.48,0
568.5,22,17.49,0
569,22,17.5,0
569.5,22,17.51,0
570,22,17.52,0
570.5,22,17.53,0
571,22,17.54,0
571.5,22,17.55,0
572,22,17.56,0
572.5,22,17.57,0
573,22,17.58,0
573.5,22,17.59,0
574,22,17.6,0
574.5,22,17.61,0
575,22,17.62,0
575.5,22,17.63,0
576,22,17.64,0
576.5,22,17.65,0
577,22,17.66,0
577.5,22,17.67,0
578,22,17.68,0
578.5,22,17.69,0
579,22,17.7,0
579.5,22,17.71,0
580,22,17.72,0
580.5,22,17.73,0
581,22,17.74,0
581.5,22,17.75,0
582,22,17.76,0
582.5,22,17.77,0
583,22,17.78,0
583.5,22,17.79,0
584,22,17.8,0
584.5,22,17.81,0
585,22,17.82,0
585.5,22,17.83,0
586,22,17.84,0
586.5,22,17.85,0
587,22,17.86,0
587.5,22,17.87,0
588,22,17.88,0
588.5,22,17.89,0
589,22,17.9,0
589.5,22,17.91,0
590,22,17.92,0
590.5,22,17.93,0
591,22,17.94,0
591.5,22,17.95,0
592,22,17.96,0
592.5,22,17.97,0
593,22,17.98,0
593.5,22,17.99,0
594,22,18,0
594.5,22,18.01,0
595,22,18.02,0
595.5,22,18.03,0
596,22,18.04,0
596.5,22,18.05,0
597,22,18.06,0
597.5,22,18.07,0
598,22,18.08,0
598.5,22,18.09,0
599,22,18.1,0
599.5,22,18.11,0
600,22,18.12,0
600.5,22,18.13,0
601,22,18.14,0
601.5,22,18.15,0
602,22,18.16,0
602.5,22,18.17,0
603,22,18.18,0
603.5,22,18.19,0
604,22,18.2,0
604.5,22,18.21,0
605,22,18.22,0
605.5,22,18.23,0
606,22,18.24,0
606.5,22,18.25,0
607,22,18.26,0
607.5,22,18.27,0
608,22,18.28,0
608.5,22,18.29,0
609,22,18.3,0
609.5,22,18.31,0
610,22,18.32,0
610.5,22,18.33,0
611,22,18.34,0
611.5,22,18.35,0
612,22,18.36,0
612.5,22,18.37,0
613,22,18.38,0
613.5,22,18.39,0
614,22,18.4,0
614.5,22,18.41,0
615,22,18.42,0
615.5,22,18.43,0
616,22,18.44,0
616.5,22,18.45,0
617,22,18.46,0
617.5,22,18.47,0
618,22,18.48,0
618.5,22,18.49,0
619,22,18.5,0
619.5,22,18.51,0
620,22,18.52,0
620.5,22,18.53,0
621,22,18.54,0
621.5,22,18.55,0
622,22,18.56,0
622.5,22,18.57,0
623,22,18.58,0
623.5,22,18.59,0
624,22,18.6,0
624.5,22,18.61,0
625,22,18.62,0
625.5,22,18.63,0
626,22,18.64,0
626.5,22,18.65,0
627,22,18.66,0
627.5,22,18.67,0
628,22,18.68,0
628.5,22,18.69,0
629,22,18.7,0
629.5,22,18.71,0
630,22,18.72,0
630.5,22,18.73,0
631,22,18.74,0
631.5,22,18.75,0
632,22,18.76,0
632.5,22,18.77,0
633,22,18.78,0
633.5,22,18.79,0
634,22,18.8,0
634.5,22,18.81,0
635,22,18.82,0
635.5,22,18.83,0
636,22,18.84,0
636.5,22,18.85,0
637,22,18.86,0
637.5,22,18.87,0
638,22,18.88,0
638.5,22,18.89,0
639,22,18.9,0
639.5,22,18.91,0
640,22,18.92,0
640.5,22,18.93,0
641,22,18.92,0
641.5,22,18.89,0
642,22,18.86,0
642.5,22,18.83,0
643,22,18.8,0
643.5,22,18.77,0
644,22,18.74,0
644.5,22,18.71,0
645,22,18.68,0
645.5,22,18.65,0
646,22,18.62,0
646.5,22,18.59,0
647,22,18.56,0
647.5,22,18.53,0
648,22,18.5,0
648.5,22,18.47,0
649,22,18.44,0
649.5,22,18.41,0
650,22,18.38,0
650.5,22,18.35,0
651,22,18.32,0
651.5,22,18.29,0
652,22,18.26,0
652.5,22,18.23,0
653,22,18.2,0
653.5,22,18.17,0
654,22,18.14,0
654.5,22,18.11,0
655,22,18.08,0
655.5,22,18.05,0
656,22,18.02,0
656.5,22,17.99,0
657,22,17.96,0
657.5,22,17.93,0
658,22,17.9,0
658.5,22,17.87,0
659,22,17.84,0
659.5,22,17.81,0
660,22,17.78,0
660.5,22,17.75,0
661,22,17.72,0
661.5,22,17.69,0
662,22,17.66,0
662.5,22,17.63,0
663,22,17.6,0
663.5,22,17.57,0
664,22,17.54,0
664.5,22,17.51,0
665,22,17.48,0
665.5,22,17.45,0
666,22,17.42,0
666.5,22,17.39,0
667,22,17.36,0
667.5,22,17.33,0
668,22,17.3,0
668.5,22,17.27,0
669,22,17.24,0
669.5,22,17.21,0
670,22,17.18,0
670.5,22,17.15,0
671,22,17.12,0
671.5,22,17.09,0
672,22,17.06,0
672.5,22,17.03,0
673,22,17,0
673.5,22,16.97,0
674,22,16.94,0
674.5,22,16.91,0
675,22,16.88,0
675.5,22,16.85,0
676,22,16.82,0
676.5,22,16.79,0
677,22,16.76,0
677.5,22,16.73,0
678,22,16.7,0
678.5,22,16.67,0
679,22,16.64,0
679.5,22,16.61,0
680,22,16.58,0
680.5,22,16.55,0
681,22,16.52,0
681.5,22,16.49,0
682,22,16.46,0
682.5,22,16.43,0
683,22,16.4,0
683.5,22,16.37,0
684,22,16.34,0
684.5,22,16.31,0
685,22,16.28,0
685.5,22,16.25,0
686,22,16.22,0
686.5,22,16.19,0
687,22,16.16,0
687.5,22,16.13,0
688,22,16.1,0
688.5,22,16.07,0
689,22,16.04,0
689.5,22,16.01,0
690,22,15.98,0
690.5,22,15.95,0
691,22,15.92,0
691.5,22,15.89,0
692,22,15.86,0
692.5,22,15.83,0
693,22,15.8,0
693.5,22,15.77,0
694,22,15.74,0
694.5,22,15.71,0
695,22,15.68,0
695.5,22,15.65,0
696,22,15.62,0
696.5,22,15.59,0
697,22,15.56,0
697.5,22,15.53,0
698,22,15.5,0
698.5,22,15.47,0
699,22,15.44,0
699.5,22,15.41,0
700,22,15.38,0
700.5,22,15.35,0
701,22,15.32,0
701.5,22,15.29,0
702,22,15.26,0
702.5,22,15.23,0
703,22,15.2,0
703.5,22,15.17,0
704,22,15.14,0
704.5,22,15.11,0
705,22,15.08,0
705.5,22,15.05,0
706,22,15.02,0
706.5,22,14.99,0
707,22,14.96,0
707.5,22,14.93,0
708,22,14.9,0
708.5,22,14.87,0
709,22,14.84,0
709.5,22,14.81,0
710,22,14.78,0
710.5,22,14.75,0
711,22,14.72,0
711.5,22,14.69,0
712,22,14.66,0
712.5,22,14.63,0
713,22,14.6,0
713.5,22,14.57,0
714,22,14.54,0
714.5,22,14.51,0
715,22,14.48,0
715.5,22,14.45,0
716,22,14.42,0
716.5,22,14.39,0
717,22,14.36,0
717.5,22,14.33,0
718,22,14.3,0
718.5,22,14.27,0
719,22,14.24,0
719.5,22,14.21,0
720,22,14.18,0
720.5,22,14.15,0
721,22,14.12,0
721.5,22,14.09,0
722,22,14.06,0
722.5,22,14.03,0
723,22,14,0
723.5,22,13.97,0
724,22,13.94,0
724.5,22,13.91,0
725,22,13.88,0
725.5,22,13.85,0
726,22,13.82,0
726.5,22,13.79,0
727,22,13.76,0
727.5,22,13.73,0
728,22,13.7,0
728.5,22,13.67,0
729,22,13.64,0
729.5,22,13.61,0
730,22,13.58,0
730.5,22,13.55,0
731,22,13.51,0
731.5,22,13.47,0
732,22,13.43,0
732.5,22,13.39,0
733,22,13.35,0
733.5,22,13.31,0
734,22,13.27,0
734.5,22,13.23,0
735,22,13.19,0
735.5,22,13.15,0
736,22,13.11,0
736.5,22,13.07,0
737,22,13.03,0
737.5,22,12.99,0
738,22,12.95,0
738.5,22,12.91,0
739,22,12.87,0
739.5,22,12.83,0
740,22,12.79,0
740.5,22,12.75,0
741,22,12.71,0
741.5,22,12.67,0
742,22,12.63,0
742.5,22,12.59,0
743,22,12.55,0
743.5,22,12.51,0
744,22,12.47,0
744.5,22,12.43,0
745,22,12.39,0
745.5,22,12.35,0
746,22,12.31,0
746.5,22,12.27,0
747,22,12.23,0
747.5,22,12.19,0
748,22,12.15,0
748.5,22,12.11,0
749,22,12.07,0
749.5,22,12.03,0
750,12,11.99,0
750.5,12,11.99,0
751,12,11.99,0
751.5,12,11.99,0
752,12,11.99,0
752.5,12,11.99,0
753,12,11.99,0
753.5,12,11.99,0
754,12,11.99,0
754.5,12,11.99,0
755,12,11.99,0
755.5,12,11.99,0
756,12,11.99,0
756.5,12,11.99,0
757,12,11.99,0
757.5,12,11.99,0
758,12,11.99,0
758.5,12,11.99,0
759,12,11.99,0
759.5,12,11.99,0
760,12,11.99,0
760.5,12,11.99,0
761,12,11.99,0
761.5,12,11.99,0
762,12,11.99,0
762.5,12,11.99,0
763,12,11.99,0
763.5,12,11.99,0
764,12,11.99,0
764.5,12,11.99,0
765,12,11.99,0
765.5,12,11.99,0
766,12,11.99,0
766.5,12,11.99,0
767,12,11.99,0
767.5,12,11.99,0
768,12,11.99,0
768.5,12,11.99,0
769,12,11.99,0
769.5,12,11.99,0
770,12,11.99,0
770.5,12,11.99,0
771,12,11.99,0
771.5,12,11.99,0
772,12,11.99,0
772.5,12,11.99,0
773,12,11.99,0
773.5,12,11.99,0
774,12,11.99,0
774.5,12,11.99,0
775,12,11.99,0
775.5,12,11.99,0
776,12,11.99,0
776.5,12,11.99,0
777,12,11.99,0
777.5,12,11.99,0
778,12,11.99,0
778.5,12,11.99,0
779,12,11.99,0
779.5,12,11.99,0
780,12,11.99,0
780.5,12,11.99,0
781,12,11.99,0
781.5,12,11.99,0
782,12,11.99,0
782.5,12,11.99,0
783,12,11.99,0
783.5,12,11.99,0
784,12,11.99,0
784.5,12,11.99,0
785,12,11.99,0
785.5,12,11.99,0
786,12,11.99,0
786.5,12,11.99,0
787,12,11.99,0
787.5,12,11.99,0
788,12,11.99,0
788.5,12,11.99,0
789,12,11.99,0
789.5,12,11.99,0
790,12,11.99,0
790.5,12,11.99,0
791,12,11.99,0
791.5,12,11.99,0
792,12,11.99,0
792.5,12,11.99,0
793,12,11.99,0
793.5,12,11.99,0
794,12,11.99,0
794.5,12,11.99,0
795,12,11.99,0
795.5,12,11.99,0
796,12,11.99,0
796.5,12,11.99,0
797,12,11.99,0
797.5,12,11.99,0
798,12,11.99,0
798.5,12,11.99,0
799,12,11.99,0
799.5,12,11.99,0
800,21,12.02,0
800.5,21,12.05,0
801,21,12.08,0
801.5,21,12.11,0
802,21,12.14,0
802.5,21,12.17,0
803,21,12.2,0
803.5,21,12.23,0
804,21,12.26,0
804.5,21,12.29,0
805,21,12.32,0
805.5,21,12.35,0
806,21,12.38,0
806.5,21,12.41,0
807,21,12.44,0
807.5,21,12.47,0
808,21,12.49,0
808.5,21,12.51,0
809,21,12.53,0
809.5,21,12.55,0
810,21,12.57,0
810.5,21,12.59,0
811,21,12.61,0
811.5,21,12.63,0
812,21,12.65,0
812.5,21,12.67,0
813,21,12.69,0
813.5,21,12.71,0
814,21,12.73,0
814.5,21,12.75,0
815,21,12.77,0
815.5,21,12.79,0
816,21,12.81,0
816.5,21,12.83,0
817,21,12.85,0
817.5,21,12.87,0
818,21,12.89,0
818.5,21,12.91,0
819,21,12.93,0
819.5,21,12.95,0
820,21,12.97,0
820.5,21,12.99,0
821,21,13.01,0
821.5,21,13.03,0
822,21,13.05,0
822.5,21,13.07,0
823,21,13.09,0
823.5,21,13.11,0
824,21,13.13,0
824.5,21,13.15,0
825,21,13.17,0
825.5,21,13.19,0
826,21,13.21,0
826.5,21,13.23,0
827,21,13.25,0
827.5,21,13.27,0
828,21,13.29,0
828.5,21,13.31,0
829,21,13.33,0
829.5,21,13.35,0
830,21,13.37,0
830.5,21,13.39,0
831,21,13.41,0
831.5,21,13.43,0
832,21,13.45,0
832.5,21,13.47,0
833,21,13.49,0
833.5,21,13.51,0
834,21,13.53,0
834.5,21,13.55,0
835,21,13.57,0
835.5,21,13.59,0
836,21,13.61,0
836.5,21,13.63,0
837,21,13.65,0
837.5,21,13.67,0
838,21,13.69,0
838.5,21,13.71,0
839,21,13.73,0
839.5,21,13.75,0
840,21,13.77,0
840.5,21,13.79,0
841,21,13.81,0
841.5,21,13.83,0
842,21,13.85,0
842.5,21,13.87,0
843,21,13.89,0
843.5,21,13.91,0
844,21,13.93,0
844.5,21,13.95,0
845,21,13.97,0
845.5,21,13.99,0
846,21,14.01,0
846.5,21,14.03,0
847,21,14.05,0
847.5,21,14.07,0
848,21,14.09,0
848.5,21,14.11,0
849,21,14.13,0
849.5,21,14.15,0
850,21,14.17,0
850.5,21,14.19,0
851,21,14.21,0
851.5,21,14.23,0
852,21,14.25,0
852.5,21,14.27,0
853,21,14.29,0
853.5,21,14.31,0
854,21,14.33,0
854.5,21,14.35,0
855,21,14.37,0
855.5,21,14.39,0
856,21,14.41,0
856.5,21,14.43,0
857,21,14.45,0
857.5,21,14.47,0
858,21,14.49,0
858.5,21,14.51,0
859,21,14.53,0
859.5,21,14.55,0
860,21,14.57,0
860.5,21,14.59,0
861,21,14.61,0
861.5,21,14.63,0
862,21,14.65,0
862.5,21,14.67,0
863,21,14.69,0
863.5,21,14.71,0
864,21,14.73,0
864.5,21,14.75,0
865,21,14.77,0
865.5,21,14.79,0
866,21,14.81,0
866.5,21,14.83,0
867,21,14.85,0
867.5,21,14.87,0
868,21,14.89,0
868.5,21,14.91,0
869,21,14.93,0
869.5,21,14.95,0
870,21,14.97,0
870.5,21,14.99,0
871,21,15.01,0
871.5,21,15.03,0
872,21,15.05,0
872.5,21,15.07,0
873,21,15.09,0
873.5,21,15.11,0
874,21,15.13,0
874.5,21,15.15,0
875,21,15.17,0
875.5,21,15.19,0
876,21,15.21,0
876.5,21,15.23,0
877,21,15.25,0
877.5,21,15.27,0
878,21,15.29,0
878.5,21,15.31,0
879,21,15.33,0
879.5,21,15.35,0
880,21,15.37,0
880.5,21,15.39,0
881,21,15.41,0
881.5,21,15.43,0
882,21,15.45,0
882.5,21,15.47,0
883,21,15.49,0
883.5,21,15.51,0
884,21,15.53,0
884.5,21,15.55,0
885,21,15.57,0
885.5,21,15.59,0
886,21,15.61,0
886.5,21,15.63,0
887,21,15.65,0
887.5,21,15.67,0
888,21,15.69,0
888.5,21,15.71,0
889,21,15.73,0
889.5,21,15.75,0
890,21,15.77,0
890.5,21,15.79,0
891,21,15.81,0
891.5,21,15.83,0
892,21,15.85,0
892.5,21,15.83,0
893,21,15.8,0
893.5,21,15.77,0
894,21,15.74,0
894.5,21,15.71,0
895,21,15.68,0
895.5,21,15.65,0
896,21,15.62,0
896.5,21,15.59,0
897,21,15.56,0
897.5,21,15.53,0
898,21,15.5,0
898.5,21,15.47,0
899,21,15.44,0
899.5,21,15.41,0
900,21,15.38,0
900.5,21,15.35,0
901,21,15.32,0
901.5,21,15.29,0
902,21,15.26,0
902.5,21,15.23,0
903,21,15.2,0
903.5,21,15.17,0
904,21,15.14,0
904.5,21,15.11,0
905,21,15.08,0
905.5,21,15.05,0
906,21,15.02,0
906.5,21,14.99,0
907,21,14.96,0
907.5,21,14.93,0
908,21,14.9,0
908.5,21,14.87,0
909,21,14.84,0
909.5,21,14.81,0
910,21,14.78,0
910.5,21,14.75,0
911,21,14.72,0
911.5,21,14.69,0
912,21,14.66,0
912.5,21,14.63,0
913,21,14.6,0
913.5,21,14.57,0
914,21,14.54,0
914.5,21,14.51,0
915,21,14.48,0
915.5,21,14.45,0
916,21,14.42,0
916.5,21,14.39,0
917,21,14.36,0
917.5,21,14.33,0
918,21,14.3,0
918.5,21,14.27,0
919,21,14.24,0
919.5,21,14.21,0
920,21,14.18,0
920.5,21,14.15,0
921,21,14.12,0
921.5,21,14.09,0
922,21,14.06,0
922.5,21,14.03,0
923,21,14,0
923.5,21,13.97,0
924,21,13.94,0
924.5,21,13.91,0
925,21,13.88,0
925.5,21,13.85,0
926,21,13.82,0
926.5,21,13.79,0
927,21,13.76,0
927.5,21,13.73,0
928,21,13.7,0
928.5,21,13.67,0
929,21,13.64,0
929.5,21,13.61,0
930,21,13.58,0
930.5,21,13.55,0
931,21,13.51,0
931.5,21,13.47,0
932,21,13.43,0
932.5,21,13.39,0
933,21,13.35,0
933.5,21,13.31,0
934,21,13.27,0
934.5,21,13.23,0
935,21,13.19,0
935.5,21,13.15,0
936,21,13.11,0
936.5,21,13.07,0
937,21,13.03,0
937.5,21,12.99,0
938,21,12.95,0
938.5,21,12.91,0
939,21,12.87,0
939.5,21,12.83,0
940,21,12.79,0
940.5,21,12.75,0
941,21,12.71,0
941.5,21,12.67,0
942,21,12.63,0
942.5,21,12.59,0
943,21,12.55,0
943.5,21,12.51,0
944,21,12.47,0
944.5,21,12.43,0
945,21,12.39,0
945.5,21,12.35,0
946,21,12.31,0
946.5,21,12.27,0
947,21,12.23,0
947.5,21,12.19,0
948,21,12.15,0
948.5,21,12.11,0
949,21,12.07,0
949.5,21,12.03,0
950,12,11.99,0
950.5,12,11.99,0
951,12,11.99,0
951.5,12,11.99,0
952,12,11.99,0
952.5,12,11.99,0
953,12,11.99,0
953.5,12,11.99,0
954,12,11.99,0
954.5,12,11.99,0
955,12,11.99,0
955.5,12,11.99,0
956,12,11.99,0
956.5,12,11.99,0
957,12,11.99,0
957.5,12,11.99,0
958,12,11.99,0
958.5,12,11.99,0
959,12,11.99,0
959.5,12,11.99,0
960,12,11.99,0
960.5,12,11.99,0
961,12,11.99,0
961.5,12,11.99,0
962,12,11.99,0
962.5,12,11.99,0
963,12,11.99,0
963.5,12,11.99,0
964,12,11.99,0
964.5,12,11.99,0
965,12,11.99,0
965.5,12,11.99,0
966,12,11.99,0
966.5,12,11.99,0
967,12,11.99,0
967.5,12,11.99,0
968,12,11.99,0
968.5,12,11.99,0
969,12,11.99,0
969.5,12,11.99,0
970,12,11.99,0
970.5,12,11.99,0
971,12,11.99,0
971.5,12,11.99,0
972,12,11.99,0
972.5,12,11.99,0
973,12,11.99,0
973.5,12,11.99,0
974,12,11.99,0
974.5,12,11.99,0
975,12,11.99,0
975.5,12,11.99,0
976,12,11.99,0
976.5,12,11.99,0
977,12,11.99,0
977.5,12,11.99,0
978,12,11.99,0
978.5,12,11.99,0
979,12,11.99,0
979.5,12,11.99,0
980,12,11.99,0
980.5,12,11.99,0
981,12,11.99,0
981.5,12,11.99,0
982,12,11.99,0
982.5,12,11.99,0
983,12,11.99,0
983.5,12,11.99,0
984,12,11.99,0
984.5,12,11.99,0
985,12,11.99,0
985.5,12,11.99,0
986,12,11.99,0
986.5,12,11.99,0
987,12,11.99,0
987.5,12,11.99,0
988,12,11.99,0
988.5,12,11.99,0
989,12,11.99,0
989.5,12,11.99,0
990,12,11.99,0
990.5,12,11.99,0
991,12,11.99,0
991.5,12,11.99,0
992,12,11.99,0
992.5,12,11.99,0
993,12,11.99,0
993.5,12,11.99,0
994,12,11.99,0
994.5,12,11.99,0
995,12,11.99,0
995.5,12,11.99,0
996,12,11.99,0
996.5,12,11.99,0
997,12,11.99,0
997.5,12,11.99,0
998,12,11.99,0
998.5,12,11.99,0
999,12,11.99,0
999.5,12,11.99,0
1000,12,11.99,0
1000.5,12,11.99,0
1001,12,11.99,0
1001.5,12,11.99,0
1002,12,11.99,0
1002.5,12,11.99,0
1003,12,11.99,0
1003.5,12,11.99,0
1004,12,11.99,0
1004.5,12,11.99,0
1005,12,11.99,0
1005.5,12,11.99,0
1006,12,11.99,0
1006.5,12,11.99,0
1007,12,11.99,0
1007.5,12,11.99,0
1008,12,11.99,0
1008.5,12,11.99,0
1009,12,11.99,0
1009.5,12,11.99,0
1010,12,11.99,0
1010.5,12,11.99,0
1011,12,11.99,0
1011.5,12,11.99,0
1012,12,11.99,0
1012.5,12,11.99,0
1013,12,11.99,0
1013.5,12,11.99,0
1014,12,11.99,0
1014.5,12,11.99,0
1015,12,11.99,0
1015.5,12,11.99,0
1016,12,11.99,0
1016.5,12,11.99,0
1017,12,11.99,0
1017.5,12,11.99,0
1018,12,11.99,0
1018.5,12,11.99,0
1019,12,11.99,0
1019.5,12,11.99,0
1020,12,11.99,0
1020.5,12,11.99,0
1021,12,11.99,0
1021.5,12,11.99,0
1022,12,11.99,0
1022.5,12,11.99,0
1023,12,11.99,0
1023.5,12,11.99,0
1024,12,11.99,0
1024.5,12,11.99,0
1025,12,11.99,0
1025.5,12,11.99,0
1026,12,11.99,0
1026.5,12,11.99,0
1027,12,11.99,0
1027.5,12,11.99,0
1028,12,11.99,0
1028.5,12,11.99,0
1029,12,11.99,0
1029.5,12,11.99,0
1030,12,11.99,0
1030.5,12,11.99,0
1031,12,11.99,0
1031.5,12,11.99,0
1032,12,11.99,0
1032.5,12,11.99,0
1033,12,11.99,0
1033.5,12,11.99,0
1034,12,11.99,0
1034.5,12,11.99,0
1035,12,11.99,0
1035.5,12,11.99,0
1036,12,11.99,0
1036.5,12,11.99,0
1037,12,11.99,0
1037.5,12,11.99,0
1038,12,11.99,0
1038.5,12,11.99,0
1039,12,11.99,0
1039.5,12,11.99,0
1040,12,11.99,0
1040.5,12,11.99,0
1041,12,11.99,0
1041.5,12,11.99,0
1042,12,11.99,0
1042.5,12,11.99,0
1043,12,11.99,0
1043.5,12,11.99,0
1044,12,11.99,0
1044.5,12,11.99,0
1045,12,11.99,0
1045.5,12,11.99,0
1046,12,11.99,0
1046.5,12,11.99,0
1047,12,11.99,0
1047.5,12,11.99,0
1048,12,11.99,0
1048.5,12,11.99,0
1049,12,11.99,0
1049.5,12,11.99,0
1050,12,11.99,0
1050.5,12,11.99,0
1051,12,11.99,0
1051.5,12,11.99,0
1052,12,11.99,0
1052.5,12,11.99,0
1053,12,11.99,0
1053.5,12,11.99,0
1054,12,11.99,0
1054.5,12,11.99,0
1055,12,11.99,0
1055.5,12,11.99,0
1056,12,11.99,0
1056.5,12,11.99,0
1057,12,11.99,0
1057.5,12,11.99,0
1058,12,11.99,0
1058.5,12,11.99,0
1059,12,11.99,0
1059.5,12,11.99,0
1060,12,11.99,0
1060.5,12,11.99,0
1061,12,11.99,0
1061.5,12,11.99,0
1062,12,11.99,0
1062.5,12,11.99,0
1063,12,11.99,0
1063.5,12,11.99,0
1064,12,11.99,0
1064.5,12,11.99,0
1065,12,11.99,0
1065.5,12,11.99,0
1066,12,11.99,0
1066.5,12,11.99,0
1067,12,11.99,0
1067.5,12,11.99,0
1068,12,11.99,0
1068.5,12,11.99,0
1069,12,11.99,0
1069.5,12,11.99,0
1070,12,11.99,0
1070.5,12,11.99,0
1071,12,11.99,0
1071.5,12,11.99,0
1072,12,11.99,0
1072.5,12,11.99,0
1073,12,11.99,0
1073.5,12,11.99,0
1074,12,11.99,0
1074.5,12,11.99,0
1075,12,11.99,0
1075.5,12,11.99,0
1076,12,11.99,0
1076.5,12,11.99,0
1077,12,11.99,0
1077.5,12,11.99,0
1078,12,11.99,0
1078.5,12,11.99,0
1079,12,11.99,0
1079.5,12,11.99,0
1080,12,11.99,0
1080.5,12,11.99,0
1081,12,11.99,0
1081.5,12,11.99,0
1082,12,11.99,0
1082.5,12,11.99,0
1083,12,11.99,0
1083.5,12,11.99,0
1084,12,11.99,0
1084.5,12,11.99,0
1085,12,11.99,0
1085.5,12,11.99,0
1086,12,11.99,0
1086.5,12,11.99,0
1087,12,11.99,0
1087.5,12,11.99,0
1088,12,11.99,0
1088.5,12,11.99,0
1089,12,11.99,0
1089.5,12,11.99,0
1090,12,11.99,0
1090.5,12,11.99,0
1091,12,11.99,0
1091.5,12,11.99,0
1092,12,11.99,0
1092.5,12,11.99,0
1093,12,11.99,0
1093.5,12,11.99,0
1094,12,11.99,0
1094.5,12,11.99,0
1095,12,11.99,0
1095.5,12,11.99,0
1096,12,11.99,0
1096.5,12,11.99,0
1097,12,11.99,0
1097.5,12,11.99,0
1098,12,11.99,0
1098.5,12,11.99,0
1099,12,11.99,0
1099.5,12,11.99,0
1100,12,11.99,0
1100.5,12,11.99,0
1101,12,11.99,0
1101.5,12,11.99,0
1102,12,11.99,0
1102.5,12,11.99,0
1103,12,11.99,0
1103.5,12,11.99,0
1104,12,11.99,0
1104.5,12,11.99,0
1105,12,11.99,0
1105.5,12,11.99,0
1106,12,11.99,0
1106.5,12,11.99,0
1107,12,11.99,0
1107.5,12,11.99,0
1108,12,11.99,0
1108.5,12,11.99,0
1109,12,11.99,0
1109.5,12,11.99,0
1110,12,11.99,0
1110.5,12,11.99,0
1111,12,11.99,0
1111.5,12,11.99,0
1112,12,11.99,0
1112.5,12,11.99,0
1113,12,11.99,0
1113.5,12,11.99,0
1114,12,11.99,0
1114.5,12,11.99,0
1115,12,11.99,0
1115.5,12,11.99,0
1116,12,11.99,0
1116.5,12,11.99,0
1117,12,11.99,0
1117.5,12,11.99,0
1118,12,11.99,0
1118.5,12,11.99,0
1119,12,11.99,0
1119.5,12,11.99,0
1120,12,11.99,0
1120.5,12,11.99,0
1121,12,11.99,0
1121.5,12,11.99,0
1122,12,11.99,0
1122.5,12,11.99,0
1123,12,11.99,0
1123.5,12,11.99,0
1124,12,11.99,0
1124.5,12,11.99,0
1125,12,11.99,0
1125.5,12,11.99,0
1126,12,11.99,0
1126.5,12,11.99,0
1127,12,11.99,0
1127.5,12,11.99,0
1128,12,11.99,0
1128.5,12,11.99,0
1129,12,11.99,0
1129.5,12,11.99,0
1130,12,11.99,0
1130.5,12,11.99,0
1131,12,11.99,0
1131.5,12,11.99,0
1132,12,11.99,0
1132.5,12,11.99,0
1133,12,11.99,0
1133.5,12,11.99,0
1134,12,11.99,0
1134.5,12,11.99,0
1135,12,11.99,0
1135.5,12,11.99,0
1136,12,11.99,0
1136.5,12,11.99,0
1137,12,11.99,0
1137.5,12,11.99,0
1138,12,11.99,0
1138.5,12,11.99,0
1139,12,11.99,0
1139.5,12,11.99,0
1140,12,11.99,0
1140.5,12,11.99,0
1141,12,11.99,0
1141.5,12,11.99,0
1142,12,11.99,0
1142.5,12,11.99,0
1143,12,11.99,0
1143.5,12,11.99,0
1144,12,11.99,0
1144.5,12,11.99,0
1145,12,11.99,0
1145.5,12,11.99,0
1146,12,11.99,0
1146.5,12,11.99,0
1147,12,11.99,0
1147.5,12,11.99,0
1148,12,11.99,0
1148.5,12,11.99,0
1149,12,11.99,0
1149.5,12,11.99,0
1150,12,11.99,0
1150.5,12,11.99,0
1151,12,11.99,0
1151.5,12,11.99,0
1152,12,11.99,0
1152.5,12,11.99,0
1153,12,11.99,0
1153.5,12,11.99,0
1154,12,11.99,0
1154.5,12,11.99,0
1155,12,11.99,0
1155.5,12,11.99,0
1156,12,11.99,0
1156.5,12,11.99,0
1157,12,11.99,0
1157.5,12,11.99,0
1158,12,11.99,0
1158.5,12,11.99,0
1159,12,11.99,0
1159.5,12,11.99,0
1160,12,11.99,0
1160.5,12,11.99,0
1161,12,11.99,0
1161.5,12,11.99,0
1162,12,11.99,0
1162.5,12,11.99,0
1163,12,11.99,0
1163.5,12,11.99,0
1164,12,11.99,0
1164.5,12,11.99,0
1165,12,11.99,0
1165.5,12,11.99,0
1166,12,11.99,0
1166.5,12,11.99,0
1167,12,11.99,0
1167.5,12,11.99,0
1168,12,11.99,0
1168.5,12,11.99,0
1169,12,11.99,0
1169.5,12,11.99,0
1170,12,11.99,0
1170.5,12,11.99,0
1171,12,11.99,0
1171.5,12,11.99,0
1172,12,11.99,0
1172.5,12,11.99,0
1173,12,11.99,0
1173.5,12,11.99,0
1174,12,11.99,0
1174.5,12,11.99,0
1175,12,11.99,0
1175.5,12,11.99,0
1176,12,11.99,0
1176.5,12,11.99,0
1177,12,11.99,0
1177.5,12,11.99,0
1178,12,11.99,0
1178.5,12,11.99,0
1179,12,11.99,0
1179.5,12,11.99,0
1180,12,11.99,0
1180.5,12,11.99,0
1181,12,11.99,0
1181.5,12,11.99,0
1182,12,11.99,0
1182.5,12,11.99,0
1183,12,11.99,0
1183.5,12,11.99,0
1184,12,11.99,0
1184.5,12,11.99,0
1185,12,11.99,0
1185.5,12,11.99,0
1186,12,11.99,0
1186.5,12,11.99,0
1187,12,11.99,0
1187.5,12,11.99,0
1188,12,11.99,0
1188.5,12,11.99,0
1189,12,11.99,0
1189.5,12,11.99,0
1190,12,11.99,0
1190.5,12,11.99,0
1191,12,11.99,0
1191.5,12,11.99,0
1192,12,11.99,0
1192.5,12,11.99,0
1193,12,11.99,0
1193.5,12,11.99,0
1194,12,11.99,0
1194.5,12,11.99,0
1195,12,11.99,0
1195.5,12,11.99,0
1196,12,11.99,0
1196.5,12,11.99,0
1197,12,11.99,0
1197.5,12,11.99,0
1198,12,11.99,0
1198.5,12,11.99,0
1199,12,11.99,0
1199.5,12,11.99,0
1200,12,11.99,0
1200.5,12,11.99,0
1201,12,11.99,0
1201.5,12,11.99,0
1202,12,11.99,0
1202.5,12,11.99,0
1203,12,11.99,0
1203.5,12,11.99,0
1204,12,11.99,0
1204.5,12,11.99,0
1205,12,11.99,0
1205.5,12,11.99,0
1206,12,11.99,0
1206.5,12,11.99,0
1207,12,11.99,0
1207.5,12,11.99,0
1208,12,11.99,0
1208.5,12,11.99,0
1209,12,11.99,0
1209.5,12,11.99,0
1210,12,11.99,0
1210.5,12,11.99,0
1211,12,11.99,0
1211.5,12,11.99,0
1212,12,11.99,0
1212.5,12,11.99,0
1213,12,11.99,0
1213.5,12,11.99,0
1214,12,11.99,0
1214.5,12,11.99,0
1215,12,11.99,0
1215.5,12,11.99,0
1216,12,11.99,0
1216.5,12,11.99,0
1217,12,11.99,0
1217.5,12,11.99,0
1218,12,11.99,0
1218.5,12,11.99,0
1219,12,11.99,0
1219.5,12,11.99,0
1220,12,11.99,0
1220.5,12,11.99,0
1221,12,11.99,0
1221.5,12,11.99,0
1222,12,11.99,0
1222.5,12,11.99,0
1223,12,11.99,0
1223.5,12,11.99,0
1224,12,11.99,0
1224.5,12,11.99,0
1225,12,11.99,0
1225.5,12,11.99,0
1226,12,11.99,0
1226.5,12,11.99,0
1227,12,11.99,0
1227.5,12,11.99,0
1228,12,11.99,0
1228.5,12,11.99,0
1229,12,11.99,0
1229.5,12,11.99,0
1230,12,11.99,0
1230.5,12,11.99,0
1231,12,11.99,0
1231.5,12,11.99,0
1232,12,11.99,0
1232.5,12,11.99,0
1233,12,11.99,0
1233.5,12,11.99,0
1234,12,11.99,0
1234.5,12,11.99,0
1235,12,11.99,0
1235.5,12,11.99,0
1236,12,11.99,0
1236.5,12,11.99,0
1237,12,11.99,0
1237.5,12,11.99,0
1238,12,11.99,0
1238.5,12,11.99,0
1239,12,11.99,0
1239.5,12,11.99,0
1240,12,11.99,0
1240.5,12,11.99,0
1241,12,11.99,0
1241.5,12,11.99,0
1242,12,11.99,0
1242.5,12,11.99,0
1243,12,11.99,0
1243.5,12,11.99,0
1244,12,11.99,0
1244.5,12,11.99,0
1245,12,11.99,0
1245.5,12,11.99,0
1246,12,11.99,0
1246.5,12,11.99,0
1247,12,11.99,0
1247.5,12,11.99,0
1248,12,11.99,0
1248.5,12,11.99,0
1249,12,11.99,0
1249.5,12,11.99,0
1250,12,11.99,0
1250.5,12,11.99,0
1251,12,11.99,0
1251.5,12,11.99,0
1252,12,11.99,0
1252.5,12,11.99,0
1253,12,11.99,0
1253.5,12,11.99,0
1254,12,11.99,0
1254.5,12,11.99,0
1255,12,11.99,0
1255.5,12,11.99,0
1256,12,11.99,0
1256.5,12,11.99,0
1257,12,11.99,0
1257.5,12,11.99,0
1258,12,11.99,0
1258.5,12,11.99,0
1259,12,11.99,0
1259.5,12,11.99,0
1260,12,11.99,0
1260.5,12,11.99,0
1261,12,11.99,0
1261.5,12,11.99,0
1262,12,11.99,0
1262.5,12,11.99,0
1263,12,11.99,0
1263.5,12,11.99,0
1264,12,11.99,0
1264.5,12,11.99,0
1265,12,11.99,0
1265.5,12,11.99,0
1266,12,11.99,0
1266.5,12,11.99,0
1267,12,11.99,0
1267.5,12,11.99,0
1268,12,11.99,0
1268.5,12,11.99,0
1269,12,11.99,0
1269.5,12,11.99,0
1270,12,11.99,0
1270.5,12,11.99,0
1271,12,11.99,0
1271.5,12,11.99,0
1272,12,11.99,0
1272.5,12,11.99,0
1273,12,11.99,0
1273.5,12,11.99,0
1274,12,11.99,0
1274.5,12,11.99,0
1275,12,11.99,0
1275.5,12,11.99,0
1276,12,11.99,0
1276.5,12,11.99,0
1277,12,11.99,0
1277.5,12,11.99,0
1278,12,11.99,0
1278.5,12,11.99,0
1279,12,11.99,0
1279.5,12,11.99,0
1280,12,11.99,0
1280.5,12,11.99,0
1281,12,11.99,0
1281.5,12,11.99,0
1282,12,11.99,0
1282.5,12,11.99,0
1283,12,11.99,0
1283.5,12,11.99,0
1284,12,11.99,0
1284.5,12,11.99,0
1285,12,11.99,0
1285.5,12,11.99,0
1286,12,11.99,0
1286.5,12,11.99,0
1287,12,11.99,0
1287.5,12,11.99,0
1288,12,11.99,0
1288.5,12,11.99,0
1289,12,11.99,0
1289.5,12,11.99,0
1290,12,11.99,0
1290.5,12,11.99,0
1291,12,11.99,0
1291.5,12,11.99,0
1292,12,11.99,0
1292.5,12,11.99,0
1293,12,11.99,0
1293.5,12,11.99,0
1294,12,11.99,0
1294.5,12,11.99,0
1295,12,11.99,0
1295.5,12,11.99,0
1296,12,11.99,0
1296.5,12,11.99,0
1297,12,11.99,0
1297.5,12,11.99,0
1298,12,11.99,0
1298.5,12,11.99,0
1299,12,11.99,0
1299.5,12,11.99,0
1300,12,11.99,0
1300.5,12,11.99,0
1301,12,11.99,0
1301.5,12,11.99,0
1302,12,11.99,0
1302.5,12,11.99,0
1303,12,11.99,0
1303.5,12,11.99,0
1304,12,11.99,0
1304.5,12,11.99,0
1305,12,11.99,0
1305.5,12,11.99,0
1306,12,11.99,0
1306.5,12,11.99,0
1307,12,11.99,0
1307.5,12,11.99,0
1308,12,11.99,0
1308.5,12,11.99,0
1309,12,11.99,0
1309.5,12,11.99,0
1310,12,11.99,0
1310.5,12,11.99,0
1311,12,11.99,0
1311.5,12,11.99,0
1312,12,11.99,0
1312.5,12,11.99,0
1313,12,11.99,0
1313.5,12,11.99,0
1314,12,11.99,0
1314.5,12,11.99,0
1315,12,11.99,0
1315.5,12,11.99,0
1316,12,11.99,0
1316.5,12,11.99,0
1317,12,11.99,0
1317.5,12,11.99,0
1318,12,11.99,0
1318.5,12,11.99,0
1319,12,11.99,0
1319.5,12,11.99,0
1320,12,11.99,0
1320.5,12,11.99,0
1321,12,11.99,0
1321.5,12,11.99,0
1322,12,11.99,0
1322.5,12,11.99,0
1323,12,11.99,0
1323.5,12,11.99,0
1324,12,11.99,0
1324.5,12,11.99,0
1325,12,11.99,0
1325.5,12,11.99,0
1326,12,11.99,0
1326.5,12,11.99,0
1327,12,11.99,0
1327.5,12,11.99,0
1328,12,11.99,0
1328.5,12,11.99,0
1329,12,11.99,0
1329.5,12,11.99,0
1330,12,11.99,0
1330.5,12,11.99,0
1331,12,11.99,0
1331.5,12,11.99,0
1332,12,11.99,0
1332.5,12,11.99,0
1333,12,11.99,0
1333.5,12,11.99,0
1334,12,11.99,0
1334.5,12,11.99,0
1335,12,11.99,0
1335.5,12,11.99,0
1336,12,11.99,0
1336.5,12,11.99,0
1337,12,11.99,0
1337.5,12,11.99,0
1338,12,11.99,0
1338.5,12,11.99,0
1339,12,11.99,0
1339.5,12,11.99,0
1340,12,11.99,0
1340.5,12,11.99,0
1341,12,11.99,0
1341.5,12,11.99,0
1342,12,11.99,0
1342.5,12,11.99,0
1343,12,11.99,0
1343.5,12,11.99,0
1344,12,11.99,0
1344.5,12,11.99,0
1345,12,11.99,0
1345.5,12,11.99,0
1346,12,11.99,0
1346.5,12,11.99,0
1347,12,11.99,0
1347.5,12,11.99,0
1348,12,11.99,0
1348.5,12,11.99,0
1349,12,11.99,0
1349.5,12,11.99,0
1350,12,11.99,0
1350.5,12,11.99,0
1351,12,11.99,0
1351.5,12,11.99,0
1352,12,11.99,0
1352.5,12,11.99,0
1353,12,11.99,0
1353.5,12,11.99,0
1354,12,11.99,0
1354.5,12,11.99,0
1355,12,11.99,0
1355.5,12,11.99,0
1356,12,11.99,0
1356.5,12,11.99,0
1357,12,11.99,0
1357.5,12,11.99,0
1358,12,11.99,0
1358.5,12,11.99,0
1359,12,11.99,0
1359.5,12,11.99,0
1360,12,11.99,0
1360.5,12,11.99,0
1361,12,11.99,0
1361.5,12,11.99,0
1362,12,11.99,0
1362.5,12,11.99,0
1363,12,11.99,0
1363.5,12,11.99,0
1364,12,11.99,0
1364.5,12,11.99,0
1365,12,11.99,0
1365.5,12,11.99,0
1366,12,11.99,0
1366.5,12,11.99,0
1367,12,11.99,0
1367.5,12,11.99,0
1368,12,11.99,0
1368.5,12,11.99,0
1369,12,11.99,0
1369.5,12,11.99,0
1370,12,11.99,0
1370.5,12,11.99,0
1371,12,11.99,0
1371.5,12,11.99,0
1372,12,11.99,0
1372.5,12,11.99,0
1373,12,11.99,0
1373.5,12,11.99,0
1374,12,11.99,0
1374.5,12,11.99,0
1375,12,11.99,0
1375.5,12,11.99,0
1376,12,11.99,0
1376.5,12,11.99,0
1377,12,11.99,0
1377.5,12,11.99,0
1378,12,11.99,0
1378.5,12,11.99,0
1379,12,11.99,0
1379.5,12,11.99,0
1380,12,11.99,0
1380.5,12,11.99,0
1381,12,11.99,0
1381.5,12,11.99,0
1382,12,11.99,0
1382.5,12,11.99,0
1383,12,11.99,0
1383.5,12,11.99,0
1384,12,11.99,0
1384.5,12,11.99,0
1385,12,11.99,0
1385.5,12,11.99,0
1386,12,11.99,0
1386.5,12,11.99,0
1387,12,11.99,0
1387.5,12,11.99,0
1388,12,11.99,0
1388.5,12,11.99,0
1389,12,11.99,0
1389.5,12,11.99,0
1390,12,11.99,0
1390.5,12,11.99,0
1391,12,11.99,0
1391.5,12,11.99,0
1392,12,11.99,0
1392.5,12,11.99,0
1393,12,11.99,0
1393.5,12,11.99,0
1394,12,11.99,0
1394.5,12,11.99,0
1395,12,11.99,0
1395.5,12,11.99,0
1396,12,11.99,0
1396.5,12,11.99,0
1397,12,11.99,0
1397.5,12,11.99,0
1398,12,11.99,0
1398.5,12,11.99,0
1399,12,11.99,0
1399.5,12,11.99,0
1400,12,11.99,0
1400.5,12,11.99,0
1401,12,11.99,0
1401.5,12,11.99,0
1402,12,11.99,0
1402.5,12,11.99,0
1403,12,11.99,0
1403.5,12,11.99,0
1404,12,11.99,0
1404.5,12,11.99,0
1405,12,11.99,0
1405.5,12,11.99,0
1406,12,11.99,0
1406.5,12,11.99,0
1407,12,11.99,0
1407.5,12,11.99,0
1408,12,11.99,0
1408.5,12,11.99,0
1409,12,11.99,0
1409.5,12,11.99,0
1410,12,11.99,0
1410.5,12,11.99,0
1411,12,11.99,0
1411.5,12,11.99,0
1412,12,11.99,0
1412.5,12,11.99,0
1413,12,11.99,0
1413.5,12,11.99,0
1414,12,11.99,0
1414.5,12,11.99,0
1415,12,11.99,0
1415.5,12,11.99,0
1416,12,11.99,0
1416.5,12,11.99,0
1417,12,11.99,0
1417.5,12,11.99,0
1418,12,11.99,0
1418.5,12,11.99,0
1419,12,11.99,0
1419.5,12,11.99,0
1420,12,11.99,0
1420.5,12,11.99,0
1421,12,11.99,0
1421.5,12,11.99,0
1422,12,11.99,0
1422.5,12,11.99,0
1423,12,11.99,0
1423.5,12,11.99,0
1424,12,11.99,0
1424.5,12,11.99,0
1425,12,11.99,0
1425.5,12,11.99,0
1426,12,11.99,0
1426.5,12,11.99,0
1427,12,11.99,0
1427.5,12,11.99,0
1428,12,11.99,0
1428.5,12,11.99,0
1429,12,11.99,0
1429.5,12,11.99,0
1430,12,11.99,0
1430.5,12,11.99,0
1431,12,11.99,0
1431.5,12,11.99,0
1432,12,11.99,0
1432.5,12,11.99,0
1433,12,11.99,0
1433.5,12,11.99,0
1434,12,11.99,0
1434.5,12,11.99,0
1435,12,11.99,0
1435.5,12,11.99,0
1436,12,11.99,0
1436.5,12,11.99,0
1437,12,11.99,0
1437.5,12,11.99,0
1438,12,11.99,0
1438.5,12,11.99,0
1439,12,11.99,0
1439.5,12,11.99,0
1440,12,11.99,0
1440.5,12,11.99,0
1441,12,11.99,0
1441.5,12,11.99,0
1442,12,11.99,0
1442.5,12,11.99,0
1443,12,11.99,0
1443.5,12,11.99,0
1444,12,11.99,0
1444.5,12,11.99,0
1445,12,11.99,0
1445.5,12,11.99,0
1446,12,11.99,0
1446.5,12,11.99,0
1447,12,11.99,0
1447.5,12,11.99,0
1448,12,11.99,0
1448.5,12,11.99,0
1449,12,11.99,0
1449.5,12,11.99,0
1450,12,11.99,0
1450.5,12,11.99,0
1451,12,11.99,0
1451.5,12,11.99,0
1452,12,11.99,0
1452.5,12,11.99,0
1453,12,11.99,0
1453.5,12,11.99,0
1454,12,11.99,0
1454.5,12,11.99,0
1455,12,11.99,0
1455.5,12,11.99,0
1456,12,11.99,0
1456.5,12,11.99,0
1457,12,11.99,0
1457.5,12,11.99,0
1458,12,11.99,0
1458.5,12,11.99,0
1459,12,11.99,0
1459.5,12,11.99,0
1460,12,11.99,0
1460.5,12,11.99,0
1461,12,11.99,0
1461.5,12,11.99,0
1462,12,11.99,0
1462.5,12,11.99,0
1463,12,11.99,0
1463.5,12,11.99,0
1464,12,11.99,0
1464.5,12,11.99,0
1465,12,11.99,0
1465.5,12,11.99,0
1466,12,11.99,0
1466.5,12,11.99,0
1467,12,11.99,0
1467.5,12,11.99,0
1468,12,11.99,0
1468.5,12,11.99,0
1469,12,11.99,0
1469.5,12,11.99,0
1470,12,11.99,0
1470.5,12,11.99,0
1471,12,11.99,0
1471.5,12,11.99,0
1472,12,11.99,0
1472.5,12,11.99,0
1473,12,11.99,0
1473.5,12,11.99,0
1474,12,11.99,0
1474.5,12,11.99,0
1475,12,11.99,0
1475.5,12,11.99,0
1476,12,11.99,0
1476.5,12,11.99,0
1477,12,11.99,0
1477.5,12,11.99,0
1478,12,11.99,0
1478.5,12,11.99,0
1479,12,11.99,0
1479.5,12,11.99,0
1480,12,11.99,0
1480.5,12,11.99,0
1481,12,11.99,0
1481.5,12,11.99,0
1482,12,11.99,0
1482.5,12,11.99,0
1483,12,11.99,0
1483.5,12,11.99,0
1484,12,11.99,0
1484.5,12,11.99,0
1485,12,11.99,0
1485.5,12,11.99,0
1486,12,11.99,0
1486.5,12,11.99,0
1487,12,11.99,0
1487.5,12,11.99,0
1488,12,11.99,0
1488.5,12,11.99,0
1489,12,11.99,0
1489.5,12,11.99,0
1490,12,11.99,0
1490.5,12,11.99,0
1491,12,11.99,0
1491.5,12,11.99,0
1492,12,11.99,0
1492.5,12,11.99,0
1493,12,11.99,0
1493.5,12,11.99,0
1494,12,11.99,0
1494.5,12,11.99,0
1495,12,11.99,0
1495.5,12,11.99,0
1496,12,11.99,0
1496.5,12,11.99,0
1497,12,11.99,0
1497.5,12,11.99,0
1498,12,11.99,0
1498.5,12,11.99,0
1499,12,11.99,0
1499.5,12,11.99,0
1500,12,11.99,0
1500.5,12,11.99,0
1501,12,11.99,0
1501.5,12,11.99,0
1502,12,11.99,0
1502.5,12,11.99,0
1503,12,11.99,0
1503.5,12,11.99,0
1504,12,11.99,0
1504.5,12,11.99,0
1505,12,11.99,0
1505.5,12,11.99,0
1506,12,11.99,0
1506.5,12,11.99,0
1507,12,11.99,0
1507.5,12,11.99,0
1508,12,11.99,0
1508.5,12,11.99,0
1509,12,11.99,0
1509.5,12,11.99,0
1510,12,11.99,0
1510.5,12,11.99,0
1511,12,11.99,0
1511.5,12,11.99,0
1512,12,11.99,0
1512.5,12,11.99,0
1513,12,11.99,0
1513.5,12,11.99,0
1514,12,11.99,0
1514.5,12,11.99,0
1515,12,11.99,0
1515.5,12,11.99,0
1516,12,11.99,0
1516.5,12,11.99,0
1517,12,11.99,0
1517.5,12,11.99,0
1518,12,11.99,0
1518.5,12,11.99,0
1519,12,11.99,0
1519.5,12,11.99,0
1520,12,11.99,0
1520.5,12,11.99,0
1521,12,11.99,0
1521.5,12,11.99,0
1522,12,11.99,0
1522.5,12,11.99,0
1523,12,11.99,0
1523.5,12,11.99,0
1524,12,11.99,0
1524.5,12,11.99,0
1525,12,11.99,0
1525.5,12,11.99,0
1526,12,11.99,0
1526.5,12,11.99,0
1527,12,11.99,0
1527.5,12,11.99,0
1528,12,11.99,0
1528.5,12,11.99,0
1529,12,11.99,0
1529.5,12,11.99,0
1530,12,11.99,0
1530.5,12,11.99,0
1531,12,11.99,0
1531.5,12,11.99,0
1532,12,11.99,0
1532.5,12,11.99,0
1533,12,11.99,0
1533.5,12,11.99,0
1534,12,11.99,0
1534.5,12,11.99,0
1535,12,11.99,0
1535.5,12,11.99,0
1536,12,11.99,0
1536.5,12,11.99,0
1537,12,11.99,0
1537.5,12,11.99,0
1538,12,11.99,0
1538.5,12,11.99,0
1539,12,11.99,0
1539.5,12,11.99,0
1540,12,11.99,0
1540.5,12,11.99,0
1541,12,11.99,0
1541.5,12,11.99,0
1542,12,11.99,0
1542.5,12,11.99,0
1543,12,11.99,0
1543.5,12,11.99,0
1544,12,11.99,0
1544.5,12,11.99,0
1545,12,11.99,0
1545.5,12,11.99,0
1546,12,11.99,0
1546.5,12,11.99,0
1547,12,11.99,0
1547.5,12,11.99,0
1548,12,11.99,0
1548.5,12,11.99,0
1549,12,11.99,0
1549.5,12,11.99,0
1550,12,11.99,0
1550.5,12,11.99,0
1551,12,11.99,0
1551.5,12,11.99,0
1552,12,11.99,0
1552.5,12,11.99,0
1553,12,11.99,0
1553.5,12,11.99,0
1554,12,11.99,0
1554.5,12,11.99,0
1555,12,11.99,0
1555.5,12,11.99,0
1556,12,11.99,0
1556.5,12,11.99,0
1557,12,11.99,0
1557.5,12,11.99,0
1558,12,11.99,0
1558.5,12,11.99,0
1559,12,11.99,0
1559.5,12,11.99,0
1560,12,11.99,0
1560.5,12,11.99,0
1561,12,11.99,0
1561.5,12,11.99,0
1562,12,11.99,0
1562.5,12,11.99,0
1563,12,11.99,0
1563.5,12,11.99,0
1564,12,11.99,0
1564.5,12,11.99,0
1565,12,11.99,0
1565.5,12,11.99,0
1566,12,11.99,0
1566.5,12,11.99,0
1567,12,11.99,0
1567.5,12,11.99,0
1568,12,11.99,0
1568.5,12,11.99,0
1569,12,11.99,0
1569.5,12,11.99,0
1570,12,11.99,0
1570.5,12,11.99,0
1571,12,11.99,0
1571.5,12,11.99,0
1572,12,11.99,0
1572.5,12,11.99,0
1573,12,11.99,0
1573.5,12,11.99,0
1574,12,11.99,0
1574.5,12,11.99,0
1575,12,11.99,0
1575.5,12,11.99,0
1576,12,11.99,0
1576.5,12,11.99,0
1577,12,11.99,0
1577.5,12,11.99,0
1578,12,11.99,0
1578.5,12,11.99,0
1579,12,11.99,0
1579.5,12,11.99,0
1580,12,11.99,0
1580.5,12,11.99,0
1581,12,11.99,0
1581.5,12,11.99,0
1582,12,11.99,0
1582.5,12,11.99,0
1583,12,11.99,0
1583.5,12,11.99,0
1584,12,11.99,0
1584.5,12,11.99,0
1585,12,11.99,0
1585.5,12,11.99,0
1586,12,11.99,0
1586.5,12,11.99,0
1587,12,11.99,0
1587.5,12,11.99,0
1588,12,11.99,0
1588.5,12,11.99,0
1589,12,11.99,0
1589.5,12,11.99,0
1590,12,11.99,0
1590.5,12,11.99,0
1591,12,11.99,0
1591.5,12,11.99,0
1592,12,11.99,0
1592.5,12,11.99,0
1593,12,11.99,0
1593.5,12,11.99,0
1594,12,11.99,0
1594.5,12,11.99,0
1595,12,11.99,0
1595.5,12,11.99,0
1596,12,11.99,0
1596.5,12,11.99,0
1597,12,11.99,0
1597.5,12,11.99,0
1598,12,11.99,0
1598.5,12,11.99,0
1599,12,11.99,0
1599.5,12,11.99,0
1600,12,11.99,0
1600.5,12,11.99,0
1601,12,11.99,0
1601.5,12,11.99,0
1602,12,11.99,0
1602.5,12,11.99,0
1603,12,11.99,0
1603.5,12,11.99,0
1604,12,11.99,0
1604.5,12,11.99,0
1605,12,11.99,0
1605.5,12,11.99,0
1606,12,11.99,0
1606.5,12,11.99,0
1607,12,11.99,0
1607.5,12,11.99,0
1608,12,11.99,0
1608.5,12,11.99,0
1609,12,11.99,0
1609.5,12,11.99,0
1610,12,11.99,0
1610.5,12,11.99,0
1611,12,11.99,0
1611.5,12,11.99,0
1612,12,11.99,0
1612.5,12,11.99,0
1613,12,11.99,0
1613.5,12,11.99,0
1614,12,11.99,0
1614.5,12,11.99,0
1615,12,11.99,0
1615.5,12,11.99,0
1616,12,11.99,0
1616.5,12,11.99,0
1617,12,11.99,0
1617.5,12,11.99,0
1618,12,11.99,0
1618.5,12,11.99,0
1619,12,11.99,0
1619.5,12,11.99,0
1620,12,11.99,0
1620.5,12,11.99,0
1621,12,11.99,0
1621.5,12,11.99,0
1622,12,11.99,0
1622.5,12,11.99,0
1623,12,11.99,0
1623.5,12,11.99,0
1624,12,11.97,0
1624.5,12,11.93,0
1625,12,11.89,0
1625.5,12,11.85,0
1626,12,11.81,0
1626.5,12,11.77,0
1627,12,11.73,0
1627.5,12,11.69,0
1628,12,11.65,0
1628.5,12,11.61,0
1629,12,11.57,0
1629.5,12,11.53,0
1630,12,11.49,0
1630.5,12,11.45,0
1631,12,11.41,0
1631.5,12,11.37,0
1632,12,11.33,0
1632.5,12,11.29,0
1633,12,11.25,0
1633.5,12,11.21,0
1634,12,11.17,0
1634.5,12,11.13,0
1635,12,11.09,0
1635.5,12,11.05,0
1636,12,11.01,0
1636.5,12,10.97,0
1637,12,10.93,0
1637.5,12,10.89,0
1638,12,10.85,0
1638.5,12,10.81,0
1639,12,10.77,0
1639.5,12,10.73,0
1640,12,10.69,0
1640.5,12,10.65,0
1641,12,10.61,0
1641.5,12,10.57,0
1642,12,10.53,0
1642.5,12,10.49,0
1643,12,10.44,0
1643.5,12,10.39,0
1644,12,10.34,0
1644.5,12,10.29,0
1645,12,10.24,0
1645.5,12,10.19,0
1646,12,10.14,0
1646.5,12,10.09,0
1647,12,10.04,0
1647.5,12,9.99,0
1648,12,9.94,0
1648.5,12,9.89,0
1649,12,9.84,0
1649.5,12,9.79,0
1650,12,9.74,0
1650.5,12,9.69,0
1651,12,9.64,0
1651.5,12,9.59,0
1652,12,9.54,0
1652.5,12,9.49,0
1653,12,9.44,0
1653.5,12,9.39,0
1654,12,9.34,0
1654.5,12,9.29,0
1655,12,9.24,0
1655.5,12,9.19,0
1656,12,9.14,0
1656.5,12,9.09,0
1657,12,9.04,0
1657.5,12,8.99,0
1658,12,8.94,0
1658.5,12,8.89,0
1659,12,8.84,0
1659.5,12,8.79,0
1660,12,8.74,0
1660.5,12,8.69,0
1661,12,8.64,0
1661.5,12,8.59,0
1662,12,8.53,0
1662.5,12,8.47,0
1663,12,8.41,0
1663.5,12,8.35,0
1664,12,8.29,0
1664.5,12,8.23,0
1665,12,8.17,0
1665.5,12,8.11,0
1666,12,8.05,0
1666.5,12,7.99,0
1667,12,7.93,0
1667.5,12,7.87,0
1668,12,7.81,0
1668.5,12,7.75,0
1669,12,7.69,0
1669.5,12,7.63,0
1670,12,7.57,0
1670.5,12,7.51,0
1671,12,7.45,0
1671.5,12,7.39,0
1672,12,7.33,0
1672.5,12,7.26,0
1673,12,7.19,0
1673.5,12,7.12,0
1674,12,7.05,0
1674.5,12,6.98,0
1675,12,6.91,0
1675.5,12,6.84,0
1676,12,6.77,0
1676.5,12,6.7,0
1677,12,6.63,0
1677.5,12,6.56,0
1678,12,6.49,0
1678.5,12,6.42,0
1679,12,6.35,0
1679.5,12,6.27,0
1680,12,6.19,0
1680.5,12,6.11,0
1681,12,6.03,0
1681.5,12,5.95,0
1682,12,5.87,0
1682.5,12,5.79,0
1683,12,5.71,0
1683.5,12,5.63,0
1684,12,5.54,0
1684.5,12,5.45,0
1685,12,5.36,0
1685.5,12,5.27,0
1686,12,5.18,0
1686.5,12,5.09,0
1687,12,5,0
1687.5,12,4.9,0
1688,12,4.8,0
1688.5,12,4.7,0
1689,12,4.6,0
1689.5,12,4.49,0
1690,12,4.38,0
1690.5,12,4.27,0
1691,12,4.16,0
1691.5,12,4.04,0
1692,12,3.92,0
1692.5,12,3.8,0
1693,12,3.67,0
1693.5,12,3.54,0
1694,12,3.4,0
1694.5,12,3.26,0
1695,12,3.11,0
1695.5,12,2.95,0
1696,12,2.78,0
1696.5,12,2.6,0
1697,12,2.41,0
1697.5,12,2.2,0
1698,12,1.97,0
1698.5,12,1.71,0
1699,12,1.4,0
1699.5,12,0.99,0
1700,0,0,0
