0.00421533 0.0843066 144720
0.0168596 0.16858 144720
0.0379296 0.252819 144720
0.0674218 0.337024 144720
0.105333 0.421195 144720
0.151659 0.50533 144720
0.206397 0.58943 144720
0.269543 0.673494 144720
0.341094 0.757522 144720
0.421046 0.841514 144720
0.509395 0.925468 144720
0.606138 1.00939 144720
0.71127 1.09326 144720
0.824789 1.17711 144720
0.946689 1.26091 144720
1.07697 1.34467 144720
1.21562 1.4284 144720
1.36265 1.51208 144720
1.51804 1.59572 144720
1.68179 1.67933 144720
1.8539 1.76289 144720
2.03436 1.84641 144720
2.22318 1.92989 144720
2.42034 2.01333 144720
2.62584 2.09672 144720
2.83968 2.18008 144720
3.06186 2.26339 144720
3.29236 2.34665 144720
3.53118 2.42987 144720
3.77833 2.51305 144720
4.03379 2.59618 144720
4.29756 2.67927 144720
4.56964 2.76231 144720
4.85002 2.84531 144720
5.1387 2.92826 144720
5.4346 2.98975 110293
5.73772 3.07262 144720
6.04912 3.15544 144720
6.36881 3.23821 144720
6.69676 3.32094 144720
7.03299 3.40361 144720
7.37716 3.47966 134139
7.72925 3.56225 144720
8.08925 3.63768 133308
8.45611 3.69961 111668
8.8302 3.78206 144720
9.21252 3.86446 144720
9.60309 3.94681 144720
10.0019 4.02911 144720
10.4083 4.09953 125698
10.8224 4.18173 144720
11.2447 4.26388 144720
11.6752 4.34598 144720
12.1139 4.42802 144720
12.5608 4.51001 144720
13.0153 4.58129 127584
13.4759 4.62939 90383.4
13.9428 4.70938 141711
14.4177 4.78935 141783
14.9007 4.86933 141868
15.3916 4.94931 141955
15.8905 5.02929 142041
16.3974 5.10926 142129
16.9119 5.17924 126137
17.4333 5.24922 126219
17.9617 5.3192 126297
18.4971 5.38918 126376
19.0401 5.47051 144720
19.5912 5.55179 144720
20.1505 5.63301 144720
20.7178 5.71418 144720
21.2933 5.79528 144720
21.8765 5.86902 132977
22.4664 5.929 110927
23.0634 6.00994 144720
23.6684 6.09083 144720
24.2814 6.16892 140320
24.9013 6.22889 111281
25.5282 6.30961 144720
26.1632 6.39027 144720
26.8062 6.46881 141403
27.456 6.52878 111646
28.1129 6.60927 144720
28.7779 6.6897 144720
29.4503 6.7587 126431
30.1302 6.83901 144720
30.8176 6.90864 127641
31.5125 6.98883 144720
32.2148 7.05858 128022
32.9232 7.10855 96315.2
33.638 7.18858 144720
34.3604 7.25849 128549
35.0902 7.33841 144720
35.8276 7.40843 128927
36.5724 7.48822 144720
37.3247 7.55837 129322
38.0846 7.63803 144720
38.8519 7.7083 129721
39.6267 7.78784 144720
40.409 7.85823 130124
41.1988 7.93763 144690
41.9956 7.99816 114482
42.7994 8.07746 144720
43.6106 8.14704 129216
44.4278 8.19807 99480
45.2516 8.27719 144720
46.0828 8.34671 129411
46.92 8.39797 100128
47.7638 8.47691 144720
48.6149 8.54639 129605
49.4721 8.59787 100779
50.3359 8.67664 144720
51.2075 8.75533 144720
52.0864 8.82384 128457
52.9715 8.87773 105047
53.8632 8.95624 144720
54.7628 9.03469 144720
55.6701 9.11305 144720
56.5854 9.19135 144720
57.5081 9.2629 133991
58.4371 9.3175 106836
59.3727 9.39561 144720
60.3162 9.47364 144720
61.2675 9.5516 144720
62.2265 9.62948 144720
63.1934 9.7073 144720
64.1676 9.77726 132214
65.1483 9.83722 116244
66.135 9.89718 116346
67.1273 9.94735 100689
68.1236 9.98015 72826.2
69.1225 9.99652 46467.7
70.1222 9.99709 21089.3
71.1219 9.99709 20169.9
72.1216 9.99709 20170.4
73.1213 9.99709 20170.4
74.121 9.99709 20170.4
75.1207 9.99709 20170.4
76.1204 9.99709 20170.4
77.1201 9.99709 20170.4
78.1198 9.99709 20170.4
79.1195 9.99709 20170.4
80.1192 9.99709 20170.4
81.1189 9.99709 20170.4
82.1187 9.99709 20170.4
83.1184 9.99709 20170.4
84.1181 9.99709 20170.4
85.1178 9.99709 20170.4
86.1175 9.99709 20170.4
87.1172 9.99709 20170.4
88.1169 9.99709 20170.4
89.1166 9.99709 20170.4
90.1163 9.99709 20170.4
91.116 9.99709 20170.4
92.1157 9.99709 20170.4
93.1155 9.99709 20170.4
94.1152 9.99709 20170.4
95.1149 9.99709 20170.4
96.1146 9.99709 20170.4
97.1143 9.99709 20170.4
98.114 9.99709 20170.4
99.1137 9.99709 20170.4
100.116 10.0571 116650
101.125 10.1171 116688
102.14 10.177 116783
103.161 10.237 116877
104.187 10.2969 116972
105.22 10.3569 117068
106.259 10.4169 117163
107.303 10.4768 117259
108.354 10.5368 117356
109.411 10.5968 117452
110.473 10.6567 117549
111.543 10.7335 144720
112.62 10.8066 138922
113.704 10.8666 117878
114.793 10.9266 117990
115.889 10.9865 118089
116.99 11.0465 118188
118.099 11.1229 144720
119.215 11.1964 140206
120.338 11.2563 118524
121.466 11.3163 118639
122.601 11.3855 133509
123.742 11.4308 95294.9
124.887 11.459 67963
126.033 11.4704 40934.5
127.18 11.4652 14215.3
128.325 11.4436 -12144.6
129.468 11.406 -37993.9
130.606 11.3529 -62878.3
131.738 11.2862 -84831.5
132.862 11.2042 -109611
133.978 11.1084 -131934
135.084 11.0064 -142058
136.18 10.9265 -106731
137.269 10.8465 -106888
138.349 10.7666 -107021
139.422 10.6849 -109978
140.486 10.5885 -133618
141.54 10.4867 -142591
142.583 10.3868 -139749
143.617 10.2869 -139913
144.641 10.1869 -140074
145.654 10.087 -140234
146.658 9.98704 -140393
147.652 9.88709 -140551
148.635 9.78715 -140709
149.609 9.68721 -140865
150.573 9.58727 -141020
151.527 9.48732 -141175
152.472 9.42065 -87821.4
153.41 9.33737 -114633
154.339 9.23746 -141506
155.257 9.13751 -141708
156.166 9.03757 -141859
157.065 8.93762 -142008
157.955 8.87135 -87996.4
158.838 8.78771 -116042
159.712 8.68775 -142391
160.576 8.5878 -142523
161.43 8.48989 -139389
162.274 8.3889 -144483
163.107 8.28795 -144561
163.931 8.1898 -140199
164.745 8.08893 -144720
165.549 7.98809 -144796
166.344 7.90751 -112374
167.13 7.80818 -142631
167.906 7.72772 -112421
168.674 7.62826 -143081
169.433 7.54792 -112468
170.183 7.44834 -143523
170.923 7.35004 -141601
171.653 7.24949 -145338
172.373 7.14898 -145407
173.083 7.04851 -145475
173.783 6.96877 -112277
174.475 6.86899 -144607
175.157 6.76863 -145662
175.83 6.68901 -112427
176.494 6.58899 -145354
177.148 6.48874 -145841
177.792 6.38916 -144884
178.426 6.28898 -145965
179.05 6.18885 -146025
179.664 6.10888 -113712
180.27 6.00898 -145873
180.866 5.90895 -146189
181.452 5.80897 -146245
182.028 5.70902 -146301
182.595 5.62905 -114287
183.153 5.53908 -130472
183.703 5.44911 -130571
184.243 5.35914 -130675
184.775 5.26916 -130779
185.297 5.17919 -130881
185.81 5.07868 -147936
186.313 4.97823 -147936
186.806 4.87785 -147936
187.288 4.77754 -147936
187.761 4.6773 -147936
188.224 4.57713 -147936
188.677 4.47702 -147936
189.119 4.37698 -147936
189.552 4.27701 -147936
189.976 4.19662 -116536
190.39 4.09676 -147936
190.795 3.99696 -147936
191.19 3.89723 -147936
191.574 3.79756 -147936
191.949 3.69795 -147936
192.314 3.5984 -147936
192.669 3.49891 -147936
193.014 3.39964 -147679
193.351 3.33535 -91540.8
193.68 3.24648 -131111
193.999 3.14752 -147415
194.309 3.04861 -147443
194.609 2.94973 -147472
194.9 2.87728 -105059
195.183 2.77976 -145456
195.456 2.68075 -147936
195.719 2.58179 -147936
195.973 2.48288 -147936
196.216 2.38403 -147936
196.449 2.28523 -147936
196.673 2.18649 -147936
196.887 2.08779 -147936
197.091 1.98915 -147936
197.285 1.89169 -146110
197.469 1.79315 -147936
197.643 1.69465 -147936
197.808 1.59621 -147936
197.963 1.49781 -147936
198.107 1.39946 -147936
198.242 1.30116 -147936
198.368 1.20291 -147936
198.483 1.1047 -147936
198.589 1.00653 -147936
198.684 0.908414 -147936
198.77 0.810338 -147936
198.846 0.712306 -147936
198.913 0.614318 -147936
198.969 0.516371 -147936
199.016 0.418466 -147936
